#time	ekin		epot		etot		chain_length
0	11.740600	0.000000	11.740600	22.000000
0.1	8.391872	3.408173	11.800045	22.306749
0.2	2.584952	9.197849	11.782802	22.555806
0.3	1.772350	9.940469	11.712818	22.705977
0.4	6.696383	4.986542	11.682925	22.743830
0.5	10.604150	1.126342	11.730492	22.686220
0.6	8.381945	3.407377	11.789322	22.573506
0.7	3.276252	8.504095	11.780347	22.455907
0.8	2.302241	9.415281	11.717522	22.377653
0.9	6.723682	4.963302	11.686984	22.364124
1	10.459895	1.269967	11.729862	22.415998
1.1	8.398265	3.389512	11.787776	22.511899
1.2	3.263002	8.519955	11.782957	22.618133
1.3	1.851479	9.871299	11.722779	22.701727
1.4	5.898151	5.789899	11.688050	22.742097
1.5	9.907086	1.816371	11.723457	22.737334
1.6	8.661481	3.117846	11.779326	22.703219
1.7	4.100891	7.680223	11.781114	22.665726
1.8	2.418319	9.311278	11.729597	22.650059
1.9	5.620400	6.076130	11.696530	22.670415
2	9.062153	2.663194	11.725347	22.724229
2.1	8.023222	3.750682	11.773903	22.792929
2.2	4.108210	7.666706	11.774916	22.848805
2.3	2.827865	8.900337	11.728202	22.865369
2.4	5.956234	5.742458	11.698692	22.827387
2.5	9.214679	2.511447	11.726126	22.736930
2.6	8.248635	3.523322	11.771957	22.613283
2.7	4.507089	7.267184	11.774273	22.486791
2.8	3.063229	8.669036	11.732265	22.388824
2.9	5.648792	6.055655	11.704447	22.341429
3	8.541646	3.184935	11.726581	22.350186
3.1	7.933812	3.830788	11.764600	22.402645
3.2	5.086946	6.678368	11.765314	22.472689
3.3	4.225699	7.505135	11.730834	22.529103
3.4	6.447013	5.265681	11.712694	22.545311
3.5	8.323578	3.413315	11.736893	22.506946
3.6	6.999841	4.767540	11.767381	22.414882
3.7	4.364243	7.394595	11.758838	22.283073
3.8	4.328647	7.393724	11.722372	22.132373
3.9	7.146049	4.564057	11.710106	21.982889
4	8.939114	2.801427	11.740540	21.847719
4.1	7.182621	4.588656	11.771277	21.730246
4.2	4.343166	7.415687	11.758853	21.625678
4.3	4.411207	7.309983	11.721190	21.525876
4.4	7.177164	4.535811	11.712974	21.425296
4.5	8.454802	3.292497	11.747299	21.325514
4.6	6.104437	5.670525	11.774962	21.236425
4.7	3.330158	8.423213	11.753372	21.173502
4.8	4.326819	7.382539	11.709358	21.152092
4.9	8.175101	3.529927	11.705028	21.180821
5	9.707236	2.043472	11.750708	21.256646
5.1	6.537602	5.248996	11.786598	21.363497
5.2	2.621029	9.141727	11.762756	21.475277
5.3	3.124555	8.584779	11.709334	21.562432
5.4	7.375356	4.322713	11.698069	21.600116
5.5	9.623948	2.120619	11.744567	21.575375
5.6	6.829323	4.956018	11.785341	21.491129
5.7	2.885375	8.878438	11.763812	21.365692
5.8	3.337809	8.371156	11.708965	21.228035
5.9	7.680061	4.017122	11.697183	21.110214
6	9.878186	1.868831	11.747016	21.039210
6.1	6.641531	5.149671	11.791202	21.030461
6.2	2.171940	9.595271	11.767211	21.084742
6.3	2.657414	9.047039	11.704454	21.188979
6.4	7.777474	3.909813	11.687287	21.320472
6.5	10.856002	0.884962	11.740963	21.453089
6.6	7.741318	4.053821	11.795139	21.563685
6.7	2.510551	9.266516	11.777067	21.637123
6.8	2.134816	9.575405	11.710221	21.668840
6.9	7.125972	4.558115	11.684087	21.664698
7	10.785838	0.948147	11.733985	21.638492
7.1	8.193054	3.599713	11.792768	21.608021
7.2	2.869645	8.911109	11.780754	21.590764
7.3	2.080598	9.632859	11.713458	21.600149
7.4	7.024986	4.656487	11.681472	21.643110
7.5	11.138497	0.590243	11.728740	21.719307
7.6	8.860012	2.932925	11.792936	21.822015
7.7	3.115395	8.673143	11.788538	21.940363
7.8	1.461450	10.259708	11.721157	22.062374
7.9	6.050986	5.628815	11.679801	22.178052
8	10.833820	0.884258	11.718079	22.281740
8.1	9.645681	2.138247	11.783928	22.373090
8.2	4.285329	7.505431	11.790760	22.456295
8.3	1.878008	9.854705	11.732713	22.537717
8.4	5.297012	6.392628	11.689639	22.622541
8.5	9.560719	2.157285	11.718004	22.711525
8.6	8.810364	2.966050	11.776414	22.799022
8.7	4.212342	7.572056	11.784398	22.873210
8.8	2.167075	9.564824	11.731900	22.918831
8.9	5.509883	6.181159	11.691043	22.921912
9	9.733372	1.983606	11.716978	22.875129
9.1	9.185779	2.588347	11.774126	22.782041
9.2	4.653037	7.133213	11.786251	22.658533
9.3	2.118875	9.620584	11.739459	22.530533
9.4	4.651884	7.046330	11.698214	22.428182
9.5	8.518190	3.197795	11.715985	22.377901
9.6	8.534611	3.229940	11.764551	22.394622
9.7	5.065944	6.710313	11.776257	22.476675
9.8	3.178884	8.558561	11.737445	22.605139
9.9	5.469252	6.235128	11.704379	22.748202
10	8.599284	3.123875	11.723159	22.869462
10.1	8.127174	3.639434	11.766607	22.937786
10.2	4.701875	7.072091	11.773966	22.935740
10.3	3.061084	8.674450	11.735534	22.863984
10.4	5.429140	6.275420	11.704560	22.740245
10.5	8.556426	3.165904	11.722330	22.593259
10.6	8.341418	3.420840	11.762258	22.453685
10.7	5.417838	6.351441	11.769279	22.344996
10.8	3.995357	7.741434	11.736791	22.277287
10.9	5.846606	5.866600	11.713205	22.245911
11	8.003285	3.728170	11.731454	22.235122
11.1	7.244692	4.518124	11.762816	22.225159
11.2	4.794097	6.965793	11.759889	22.200038
11.3	4.475579	7.250432	11.726011	22.153124
11.4	7.033138	4.677968	11.711105	22.088496
11.5	8.866751	2.872596	11.739347	22.017738
11.6	7.148896	4.623430	11.772325	21.953590
11.7	4.058851	7.703345	11.762196	21.903125
11.8	3.918749	7.802124	11.720873	21.863359
11.9	7.065599	4.640264	11.705863	21.821286
12	9.159927	2.579856	11.739783	21.758620
12.1	7.172303	4.604060	11.776363	21.659651
12.2	3.766539	7.996985	11.763524	21.519237
12.3	3.742867	7.974646	11.717512	21.347717
12.4	7.265313	4.437586	11.702899	21.170443
12.5	9.383452	2.359339	11.742791	21.021574
12.6	6.832674	4.950969	11.783643	20.933851
12.7	2.814444	8.952583	11.767027	20.927742
12.8	2.881952	8.829999	11.711951	21.003781
12.9	7.275952	4.416472	11.692424	21.140984
13	10.281181	1.455913	11.737094	21.302271
13.1	7.816652	3.971055	11.787707	21.445315
13.2	3.068307	8.707898	11.776205	21.535351
13.3	2.327671	9.390033	11.717704	21.555618
13.4	6.485027	5.206489	11.691517	21.511876
13.5	9.762553	1.970957	11.733510	21.429414
13.6	7.582882	4.203105	11.785987	21.343565
13.7	2.927647	8.847822	11.775469	21.287060
13.8	2.378408	9.335695	11.714103	21.278665
13.9	7.051546	4.633897	11.685443	21.317142
14	10.810005	0.921232	11.731238	21.382697
14.1	8.435818	3.356604	11.792422	21.445373
14.2	2.828839	8.957816	11.786655	21.477366
14.3	1.353032	10.366651	11.719683	21.464734
14.4	6.034746	5.644781	11.679527	21.414113
14.5	10.769433	0.949900	11.719333	21.351803
14.6	9.406266	2.379594	11.785860	21.315264
14.7	3.931399	7.859139	11.790538	21.339852
14.8	1.759416	9.968722	11.728138	21.445406
14.9	5.764732	5.918681	11.683413	21.627525
15	10.456901	1.259882	11.716783	21.856848
15.1	9.424024	2.359064	11.783088	22.086936
15.2	3.995245	7.797416	11.792661	22.268382
15.3	1.464438	10.267614	11.732052	22.364549
15.4	5.297095	6.384843	11.681938	22.363691
15.5	10.491982	1.216855	11.708837	22.283319
15.6	10.264107	1.512602	11.776709	22.165265
15.7	5.017314	6.778940	11.796254	22.062944
15.8	1.649967	10.093991	11.743958	22.024943
15.9	4.324127	7.366970	11.691097	22.080217
16	9.145313	2.561127	11.706440	22.229617
16.1	9.660003	2.105671	11.765673	22.446293
16.2	5.485284	6.302520	11.787805	22.684583
16.3	2.485511	9.259987	11.745498	22.894245
16.4	4.613252	7.085929	11.699181	23.035263
16.5	8.680539	3.031493	11.712032	23.088506
16.6	8.973447	2.791044	11.764491	23.059112
16.7	5.118273	6.665349	11.783621	22.972053
16.8	2.443813	9.299969	11.743782	22.861947
16.9	4.588448	7.111623	11.700072	22.761004
17	8.609283	3.102081	11.711365	22.689302
17.1	9.135702	2.625024	11.760725	22.650514
17.2	5.650575	6.130444	11.781019	22.634033
17.3	2.955067	8.792235	11.747302	22.622131
17.4	4.469086	7.239207	11.708293	22.599052
17.5	7.740933	3.975751	11.716684	22.558423
17.6	8.150218	3.607099	11.757317	22.506218
17.7	5.368539	6.402908	11.771447	22.458295
17.8	3.590776	8.149190	11.739965	22.433629
17.9	5.472184	6.236409	11.708593	22.445943
18	8.414269	3.307755	11.722024	22.497024
18.1	8.311317	3.449955	11.761271	22.574298
18.2	5.333752	6.437787	11.771539	22.653651
18.3	3.610507	8.129088	11.739594	22.706566
18.4	5.389752	6.321465	11.711217	22.709045
18.5	7.987679	3.737738	11.725417	22.649232
18.6	7.752549	4.007070	11.759619	22.531105
18.7	5.289162	6.474139	11.763300	22.373057
18.8	4.469930	7.261417	11.731346	22.201977
18.9	6.692393	5.019373	11.711766	22.044960
19	8.700995	3.035003	11.735997	21.921488
19.1	7.249742	4.521639	11.771381	21.838646
19.2	4.011097	7.754618	11.765716	21.790729
19.3	3.529579	8.193256	11.722835	21.763032
19.4	6.808697	4.892334	11.701032	21.738173
19.5	9.575055	2.157659	11.732713	21.702530
19.6	7.994967	3.781648	11.776615	21.650542
19.7	4.091519	7.680838	11.772357	21.585503
19.8	3.162584	8.562027	11.724611	21.516897
19.9	6.486324	5.212803	11.699127	21.455548
20	9.394584	2.338026	11.732610	21.408602
20.1	7.639157	4.140747	11.779904	21.376334
20.2	3.423669	8.350541	11.774209	21.351965
20.3	2.602083	9.118162	11.720245	21.324526
20.4	6.601814	5.089237	11.691051	21.283653
20.5	10.164122	1.564902	11.729025	21.224494
20.6	8.316454	3.468954	11.785408	21.150870
20.7	3.270969	8.512839	11.783807	21.075463
20.8	1.695556	10.028698	11.724254	21.016845
20.9	5.774239	5.911383	11.685622	20.994222
21	10.129067	1.591073	11.720141	21.021541
21.1	8.961385	2.820463	11.781848	21.102762
21.2	3.885516	7.902060	11.787576	21.229755
21.3	1.793262	9.936325	11.729588	21.383432
21.4	5.516667	6.170236	11.686903	21.537789
21.5	9.931068	1.787278	11.718346	21.665760
21.6	8.894236	2.887468	11.781704	21.745330
21.7	3.689797	8.100060	11.789857	21.764444
21.8	1.444655	10.284676	11.729330	21.723597
21.9	5.499870	6.180571	11.680442	21.635665
22	10.721798	0.988243	11.710041	21.523146
22.1	10.222586	1.558101	11.780687	21.413533
22.2	4.573799	7.225655	11.799454	21.333822
22.3	1.127236	10.614555	11.741791	21.305252
22.4	4.289084	7.395163	11.684247	21.339292
22.5	9.740528	1.961602	11.702130	21.435607
22.6	10.290585	1.479007	11.769592	21.582411
22.7	5.448501	6.347186	11.795687	21.759161
22.8	1.911279	9.835411	11.746690	21.941098
22.9	4.461453	7.228571	11.690024	22.104701
23	9.594807	2.107446	11.702253	22.232835
23.1	10.348851	1.417610	11.766461	22.318335
23.2	5.676784	6.119683	11.796467	22.365059
23.3	1.758261	9.994775	11.753036	22.386035
23.4	3.666263	8.028681	11.694943	22.399111
23.5	8.711576	2.986810	11.698386	22.421297
23.6	10.253374	1.502406	11.755779	22.463450
23.7	6.569385	5.219929	11.789314	22.526978
23.8	2.832807	8.924288	11.757094	22.603673
23.9	3.875857	7.830892	11.706748	22.678828
24	7.805313	3.901724	11.707036	22.736705
24.1	8.965282	2.789085	11.754367	22.766515
24.2	5.821202	5.959942	11.781144	22.766821
24.3	2.884355	8.866205	11.750561	22.746674
24.4	4.298547	7.407377	11.705924	22.722841
24.5	8.131952	3.577011	11.708963	22.713875
24.6	9.150386	2.604476	11.754862	22.732943
24.7	6.030360	5.750303	11.780663	22.781971
24.8	3.040194	8.712441	11.752635	22.849343
24.9	4.081373	7.629510	11.710883	22.912319
25	7.468584	4.243272	11.711855	22.943732
25.1	8.515532	3.235476	11.751008	22.920960
25.2	6.060346	5.711855	11.772201	22.834237
25.3	3.822700	7.924777	11.747477	22.691391
25.4	4.960817	6.753591	11.714408	22.517149
25.5	7.668867	4.051823	11.720690	22.346911
25.6	7.935689	3.820619	11.756308	22.216769
25.7	5.367188	6.401812	11.769001	22.152882
25.8	3.742191	7.997444	11.739635	22.163638
25.9	5.561551	6.148247	11.709798	22.237180
26	8.405308	3.317184	11.722492	22.345120
26.1	8.322990	3.437478	11.760468	22.451205
26.2	5.455925	6.314326	11.770251	22.522041
26.3	3.866634	7.871615	11.738249	22.536352
26.4	5.755464	5.955177	11.710641	22.489774
26.5	8.288125	3.439547	11.727672	22.393841
26.6	7.651511	4.113596	11.765107	22.269851
26.7	4.649280	7.118165	11.767445	22.140108
26.8	3.753660	7.974308	11.727968	22.019890
26.9	6.697761	5.003937	11.701698	21.913096
27	9.648711	2.080574	11.729285	21.813080
27.1	8.294075	3.482778	11.776852	21.708110
27.2	4.021925	7.757092	11.779018	21.589099
27.3	2.418267	9.311244	11.729511	21.456320
27.4	5.740459	5.953078	11.693537	21.322150
27.5	9.622943	2.097614	11.720557	21.208421
27.6	8.823393	2.951735	11.775128	21.139032
27.7	4.395270	7.387709	11.782978	21.130455
27.8	2.392247	9.340226	11.732473	21.183759
27.9	5.622235	6.070298	11.692532	21.281466
28	9.657481	2.062009	11.719490	21.390925
28.1	8.761165	3.017322	11.778487	21.473588
28.2	3.834468	7.954153	11.788621	21.497289
28.3	1.451556	10.281662	11.733218	21.447380
28.4	5.023763	6.661312	11.685075	21.332724
28.5	10.004804	1.704776	11.709580	21.184143
28.6	9.824066	1.951339	11.775405	21.045491
28.7	4.712839	7.082190	11.795029	20.960084
28.8	1.474623	10.267703	11.742326	20.956917
28.9	4.372917	7.315509	11.688426	21.041315
29	9.388362	2.317712	11.706074	21.193241
29.1	9.660419	2.110605	11.771024	21.373890
29.2	4.811252	6.983182	11.794434	21.538387
29.3	1.510089	10.233267	11.743357	21.650302
29.4	4.434365	7.251938	11.686303	21.693031
29.5	9.831048	1.870220	11.701268	21.674217
29.6	10.462232	1.307614	11.769845	21.621768
29.7	5.354995	6.445807	11.800802	21.573000
29.8	1.217887	10.534293	11.752180	21.560794
29.9	3.550659	8.137185	11.687844	21.601703
30	9.333004	2.359413	11.692417	21.690244
30.1	11.056536	0.702351	11.758888	21.801371
30.2	6.655020	5.144132	11.799152	21.900252
30.3	2.077968	9.683975	11.761942	21.955838
30.4	3.237198	8.462233	11.699431	21.953354
30.5	8.248172	3.446828	11.695000	21.901170
30.6	10.243506	1.508182	11.751688	21.829486
30.7	6.697518	5.093467	11.790985	21.781068
30.8	2.635312	9.125154	11.760466	21.797114
30.9	3.633062	8.070147	11.703208	21.902985
31	8.292851	3.404325	11.697176	22.098695
31.1	10.292947	1.456699	11.749646	22.357397
31.2	6.978744	4.810807	11.789552	22.632469
31.3	2.788409	8.976488	11.764897	22.870909
31.4	3.111686	8.599489	11.711176	23.028680
31.5	7.145593	4.554656	11.700249	23.083106
31.6	9.320192	2.422794	11.742986	23.038467
31.7	6.980489	4.797787	11.778276	22.923283
31.8	3.714312	8.044987	11.759299	22.780520
31.9	4.075024	7.641009	11.716032	22.654168
32	7.292566	4.417672	11.710238	22.576648
32.1	8.604906	3.144005	11.748911	22.560918
32.2	6.061089	5.715410	11.776499	22.599386
32.3	3.204828	8.549078	11.753906	22.669317
32.4	4.041580	7.670956	11.712535	22.742308
32.5	7.463246	4.246076	11.709322	22.794240
32.6	8.864958	2.882576	11.747535	22.812314
32.7	6.537492	5.236327	11.773819	22.797077
32.8	3.874213	7.879333	11.753547	22.759336
32.9	4.475172	7.242640	11.717811	22.713697
33	7.173486	4.544023	11.717509	22.671550
33.1	7.920817	3.830310	11.751127	22.636297
33.2	5.678886	6.089482	11.768368	22.602555
33.3	3.870970	7.872238	11.743209	22.559419
33.4	5.368518	6.343168	11.711687	22.496271
33.5	8.236735	3.483609	11.720344	22.408675
33.6	8.401118	3.357569	11.758686	22.301909
33.7	5.509727	6.262908	11.772635	22.190636
33.8	3.592985	8.148314	11.741298	22.094711
33.9	5.415637	6.292575	11.708212	22.032582
34	8.460333	3.260518	11.720851	22.014657
34.1	8.376101	3.386333	11.762434	22.039033
34.2	5.192826	6.580854	11.773681	22.091141
34.3	3.463052	8.273551	11.736603	22.147478
34.4	5.868183	5.834400	11.702583	22.182207
34.5	9.190520	2.531439	11.721959	22.174433
34.6	8.577669	3.193575	11.771245	22.113828
34.7	4.451569	7.330322	11.781891	22.002909
34.8	2.335874	9.399208	11.735081	21.855451
34.9	5.409042	6.282720	11.691762	21.691822
35	9.866026	1.846138	11.712165	21.532952
35.1	9.750259	2.021800	11.772059	21.394957
35.2	5.011658	6.780566	11.792224	21.286039
35.3	1.795385	9.949492	11.744877	21.206340
35.4	4.284022	7.408953	11.692975	21.150408
35.5	9.018674	2.687692	11.706366	21.111047
35.6	9.521142	2.245564	11.766707	21.082991
35.7	5.101358	6.689897	11.791255	21.065097
35.8	1.869428	9.875898	11.745326	21.060377
35.9	4.422923	7.267998	11.690921	21.074050
36	9.442005	2.261531	11.703536	21.110497
36.1	10.034009	1.734577	11.768586	21.170316
36.2	5.111809	6.687140	11.798950	21.248590
36.3	1.078569	10.673537	11.752105	21.335000
36.4	3.347544	8.341385	11.688930	21.415782
36.5	9.027902	2.665317	11.693219	21.476968
36.6	10.697922	1.061271	11.759192	21.507966
36.7	6.290628	5.508215	11.798843	21.504516
36.8	1.818061	9.941913	11.759975	21.470247
36.9	3.259169	8.436905	11.696074	21.416461
37	8.537792	3.155998	11.693789	21.360166
37.1	10.392785	1.363137	11.755922	21.320760
37.2	6.238653	5.559185	11.797838	21.315999
37.3	1.692273	10.069651	11.761924	21.358027
37.4	3.011649	8.683835	11.695484	21.450255
37.5	8.648153	3.039107	11.687261	21.585813
37.6	11.273563	0.474949	11.748512	21.748072
37.7	7.522814	4.275646	11.798460	21.913393
37.8	2.387164	9.385340	11.772505	22.055810
37.9	2.491702	9.215443	11.707144	22.152808
38	7.387622	4.301423	11.689045	22.190956
38.1	10.430147	1.309047	11.739194	22.169921
38.2	7.779056	4.008806	11.787862	22.103619
38.3	3.315447	8.455309	11.770756	22.017818
38.4	3.109335	8.604852	11.714187	21.944451
38.5	7.220659	4.475361	11.696020	21.913868
38.6	9.887685	1.851555	11.739240	21.947018
38.7	7.514888	4.268407	11.783295	22.049765
38.8	3.432573	8.336213	11.768786	22.211109
38.9	3.154487	8.562858	11.717345	22.406013
39	6.884524	4.814779	11.699303	22.602175
39.1	9.469166	2.267932	11.737097	22.768823
39.2	7.547552	4.229792	11.777344	22.884883
39.3	3.945268	7.821172	11.766440	22.944003
39.4	3.512236	8.210617	11.722853	22.954848
39.5	6.460316	5.247731	11.708047	22.936640
39.6	8.386931	3.353226	11.740157	22.911471
39.7	6.627669	5.143511	11.771180	22.896066
39.8	3.895486	7.861164	11.756650	22.895882
39.9	4.253845	7.464164	11.718009	22.903632
40	7.289063	4.421902	11.710965	22.902812
40.1	8.710877	3.035373	11.746250	22.874976
40.2	6.437329	5.337376	11.774705	22.808121
40.3	3.539727	8.216997	11.756724	22.703045
40.4	3.941041	7.776546	11.717587	22.575175
40.5	6.973641	4.737644	11.711285	22.450894
40.6	8.426831	3.317858	11.744690	22.359394
40.7	6.509577	5.259542	11.769118	22.322754
40.8	4.260694	7.489659	11.750352	22.347687
40.9	5.053108	6.664126	11.717234	22.422007
41	7.676380	4.043244	11.719624	22.517274
41.1	8.084627	3.671018	11.755645	22.597001
41.2	5.363806	6.408937	11.772742	22.627810
41.3	3.316398	8.426493	11.742890	22.589859
41.4	5.161488	6.543887	11.705375	22.483006
41.5	8.741673	2.972177	11.713850	22.326628
41.6	9.226207	2.533497	11.759703	22.153140
41.7	5.829805	5.950931	11.780735	21.997463
41.8	3.138581	8.608204	11.746785	21.886035
41.9	4.886477	6.817428	11.703905	21.829118
42	8.660585	3.051951	11.712536	21.818913
42.1	9.072861	2.689741	11.762602	21.833929
42.2	5.287344	6.497179	11.784523	21.847790
42.3	2.459520	9.285290	11.744810	21.839130
42.4	4.763451	6.931935	11.695386	21.798895
42.5	9.413613	2.291632	11.705245	21.732422
42.6	10.123087	1.641756	11.764843	21.655660
42.7	5.632675	6.162646	11.795321	21.587184
42.8	1.703090	10.050988	11.754079	21.539241
42.9	3.549519	8.144972	11.694491	21.511517
43	8.760139	2.935980	11.696119	21.490273
43.1	10.388651	1.368686	11.757337	21.453495
43.2	6.252534	5.543614	11.796149	21.380295
43.3	1.915533	9.844713	11.760246	21.261073
43.4	3.208741	8.489489	11.698231	21.104412
43.5	8.322402	3.372086	11.694488	20.937688
43.6	10.218689	1.535944	11.754633	20.800558
43.7	6.195039	5.601912	11.796951	20.733077
43.8	1.651394	10.111339	11.762733	20.762311
43.9	2.853832	8.842878	11.696709	20.892068
44	8.400411	3.287417	11.687827	21.099535
44.1	10.969566	0.779730	11.749295	21.340381
44.2	7.101581	4.698299	11.799880	21.561029
44.3	1.873334	9.899105	11.772439	21.714276
44.4	2.145781	9.558061	11.703843	21.773229
44.5	7.437935	4.247333	11.685267	21.738971
44.6	10.662244	1.077776	11.740020	21.639416
44.7	7.664637	4.128666	11.793303	21.519750
44.8	2.707327	9.066403	11.773730	21.427665
44.9	2.597232	9.111775	11.709007	21.398321
45	7.482359	4.205014	11.687373	21.443999
45.1	10.719629	1.018545	11.738174	21.551748
45.2	7.884071	3.908889	11.792961	21.689581
45.3	2.716068	9.062184	11.778252	21.818818
45.4	2.075068	9.638704	11.713771	21.908161
45.5	6.803606	4.881126	11.684731	21.944562
45.6	10.736595	0.991117	11.727712	21.937191
45.7	8.968271	2.815848	11.784119	21.913277
45.8	4.161999	7.618949	11.780947	21.907484
45.9	2.657273	9.069907	11.727180	21.948708
46	5.973663	5.723595	11.697258	22.049030
46.1	9.178571	2.550074	11.728645	22.198731
46.2	7.915410	3.858767	11.774177	22.369111
46.3	4.229008	7.541430	11.770439	22.522096
46.4	3.414700	8.309946	11.724646	22.623257
46.5	6.593528	5.108130	11.701658	22.653732
46.6	9.306224	2.426702	11.732926	22.616958
46.7	7.808491	3.966044	11.774536	22.537943
46.8	4.176508	7.593328	11.769836	22.455388
46.9	3.281587	8.445659	11.727246	22.409354
47	6.068133	5.638024	11.706158	22.428587
47.1	8.473663	3.259919	11.733582	22.521638
47.2	7.244424	4.524187	11.768612	22.674486
47.3	4.363402	7.398606	11.762008	22.855181
47.4	4.020988	7.704114	11.725102	23.023676
47.5	6.616847	5.094942	11.711788	23.143484
47.6	8.295575	3.445529	11.741105	23.191395
47.7	6.545758	5.224811	11.770569	23.162411
47.8	3.827652	7.929587	11.757239	23.068835
47.9	4.076486	7.642730	11.719216	22.934443
48	7.070197	4.640046	11.710242	22.786191
48.1	8.683016	3.060388	11.743404	22.646455
48.2	6.700205	5.071984	11.772189	22.528258
48.3	3.959709	7.796472	11.756181	22.434603
48.4	4.332014	7.386564	11.718578	22.361446
48.5	7.209171	4.504297	11.713468	22.302534
48.6	8.365424	3.383024	11.748447	22.253887
48.7	6.052315	5.720345	11.772661	22.216064
48.8	3.650396	8.098650	11.749046	22.193424
48.9	4.921106	6.788132	11.709238	22.190923
49	8.446833	3.264394	11.711228	22.209983
49.1	9.298174	2.458325	11.756500	22.245348
49.2	5.931166	5.852735	11.783900	22.284436
49.3	2.694987	9.058060	11.753047	22.309700
49.4	4.093348	7.609718	11.703066	22.303353
49.5	8.469586	3.232486	11.702072	22.252851
49.6	9.991193	1.762146	11.753339	22.155227
49.7	6.551995	5.235942	11.787937	22.018733
49.8	2.812494	8.945289	11.757782	21.861141
49.9	3.950236	7.752973	11.703210	21.705205
50	8.470807	3.229197	11.700005	21.572691
50.1	10.046323	1.708853	11.755176	21.478826
50.2	6.163043	5.631331	11.794374	21.428785
50.3	1.829428	9.932260	11.761688	21.417138
50.4	3.013525	8.684264	11.697790	21.430208
50.5	8.471506	3.216503	11.688008	21.450413
50.6	11.128960	0.618572	11.747532	21.461173
50.7	7.428464	4.370421	11.798885	21.450964
50.8	2.153953	9.620504	11.774457	21.415505
50.9	2.127972	9.579295	11.707266	21.357768
51	7.142393	4.544613	11.687006	21.286155
51.1	10.309880	1.429733	11.739613	21.211657
51.2	7.380743	4.411918	11.792662	21.144916
51.3	2.456794	9.316826	11.773620	21.093998
51.4	2.378264	9.330004	11.708269	21.063273
51.5	7.384117	4.301789	11.685905	21.053455
51.6	10.717750	1.020386	11.738137	21.062537
51.7	7.757722	4.037628	11.795351	21.087194
51.8	2.337786	9.442397	11.780183	21.124234
51.9	1.677647	10.034323	11.711970	21.171726
52	6.715511	4.965672	11.681184	21.229551
52.1	10.842648	0.885641	11.728289	21.299237
52.2	8.720612	3.069485	11.790097	21.383043
52.3	3.327614	8.457424	11.785038	21.482455
52.4	1.854114	9.867699	11.721813	21.596398
52.5	6.088905	5.596984	11.685889	21.719712
52.6	10.205625	1.518362	11.723987	21.842498
52.7	8.736036	3.046834	11.782870	21.950884
52.8	3.852724	7.930311	11.783035	22.029455
52.9	2.255467	9.470164	11.725631	22.065068
53	6.088798	5.600013	11.688811	22.051206
53.1	10.185423	1.535874	11.721297	21.991585
53.2	9.140034	2.638271	11.778305	21.901648
53.3	4.482230	7.301918	11.784148	21.806944
53.4	2.395275	9.338446	11.733721	21.738235
53.5	5.374705	6.321351	11.696056	21.724213
53.6	9.168366	2.550831	11.719197	21.783652
53.7	8.806375	2.961432	11.767806	21.919309
53.8	5.208713	6.566721	11.775435	22.115663
53.9	3.505550	8.230012	11.735562	22.341602
54	5.805489	5.901135	11.706624	22.557747
54.1	8.517983	3.210437	11.728419	22.726588
54.2	7.649601	4.118506	11.768107	22.822564
54.3	4.423431	7.345263	11.768694	22.839035
54.4	3.429964	8.299388	11.729352	22.789905
54.5	6.115437	5.589854	11.705291	22.705228
54.6	8.795838	2.933821	11.729659	22.622042
54.7	7.851444	3.916536	11.767981	22.573231
54.8	4.707448	7.060261	11.767709	22.577892
54.9	3.684941	8.046656	11.731597	22.636275
55	5.909658	5.802290	11.711948	22.730843
55.1	7.898923	3.836650	11.735573	22.832993
55.2	6.694138	5.072277	11.766415	22.913074
55.3	4.134448	7.623757	11.758205	22.950250
55.4	4.168587	7.552979	11.721566	22.938819
55.5	7.062669	4.646906	11.709575	22.888888
55.6	8.836145	2.905551	11.741695	22.821317
55.7	6.860873	4.913444	11.774318	22.758879
55.8	3.721132	8.040064	11.761196	22.716964
55.9	3.736412	7.983053	11.719465	22.697316
56	6.901612	4.805463	11.707076	22.687182
56.1	8.809931	2.931587	11.741518	22.664309
56.2	6.821590	4.952491	11.774081	22.605989
56.3	3.852199	7.905595	11.757794	22.498877
56.4	4.308934	7.405928	11.714862	22.345854
56.5	7.745339	3.961922	11.707261	22.167235
56.6	9.261895	2.487063	11.748958	21.995596
56.7	6.382358	5.400565	11.782923	21.865779
56.8	2.852600	8.906247	11.758848	21.803463
56.9	3.733516	7.972289	11.705804	21.816267
57	8.268148	3.428153	11.696301	21.890576
57.1	10.508406	1.238441	11.746847	21.995305
57.2	7.268806	4.522792	11.791598	22.091402
57.3	2.677596	9.091853	11.769449	22.143888
57.4	2.841105	8.867310	11.708415	22.132308
57.5	7.580949	4.109430	11.690379	22.056073
57.6	10.508208	1.232430	11.740637	21.932968
57.7	7.592093	4.199741	11.791834	21.791575
57.8	2.715500	9.058373	11.773873	21.660482
57.9	2.535133	9.174637	11.709770	21.558294
58	7.425925	4.260416	11.686341	21.488073
58.1	10.803254	0.933784	11.737038	21.438142
58.2	7.935493	3.859566	11.795059	21.388807
58.3	2.436278	9.345721	11.781999	21.322264
58.4	1.566561	10.147256	11.713817	21.231761
58.5	6.529033	5.151622	11.680655	21.126307
58.6	10.799813	0.926586	11.726399	21.028856
58.7	8.807233	2.982574	11.789807	20.968380
58.8	3.329720	8.457049	11.786769	20.968599
58.9	1.686038	10.036988	11.723026	21.037558
59	5.886302	5.799209	11.685511	21.162131
59.1	10.024779	1.699704	11.724483	21.309909
59.2	8.373008	3.412928	11.785936	21.438309
59.3	3.176523	8.608775	11.785298	21.508143
59.4	1.608911	10.113350	11.722261	21.497086
59.5	6.029545	5.651877	11.681423	21.408352
59.6	10.724272	0.993987	11.718260	21.271336
59.7	9.519538	2.264989	11.784527	21.133640
59.8	4.007626	7.785483	11.793109	21.046848
59.9	1.376114	10.358013	11.734126	21.050556
60	4.862422	6.824083	11.686504	21.159882
60.1	9.644923	2.066527	11.711450	21.360521
60.2	9.481146	2.291186	11.772332	21.613000
60.3	4.974069	6.812801	11.786870	21.864687
60.4	2.444537	9.293612	11.738149	22.065617
60.5	5.250863	6.443642	11.694505	22.182993
60.6	9.413714	2.301071	11.714785	22.209753
60.7	9.239623	2.530120	11.769743	22.164691
60.8	5.044803	6.739602	11.784406	22.084473
60.9	2.540077	9.200229	11.740306	22.010567
61	5.002992	6.695158	11.698150	21.975648
61.1	9.005886	2.707580	11.713467	21.994048
61.2	9.275518	2.487292	11.762810	22.059187
61.3	5.767076	6.012111	11.779187	22.148448
61.4	3.371556	8.372477	11.744033	22.233331
61.5	5.050525	6.658426	11.708951	22.291042
61.6	8.025405	3.695946	11.721351	22.313297
61.7	8.008498	3.751549	11.760047	22.309306
61.8	5.234379	6.534177	11.768555	22.302067
61.9	3.873078	7.862700	11.735778	22.319468
62	5.932464	5.777606	11.710069	22.383511
62.1	8.407722	3.321366	11.729088	22.501515
62.2	7.633587	4.132527	11.766114	22.662383
62.3	4.557463	7.210899	11.768362	22.839151
62.4	3.433393	8.298703	11.732096	22.996896
62.5	5.812061	5.895951	11.708012	23.103240
62.6	8.352053	3.377484	11.729537	23.137940
62.7	7.544536	4.221152	11.765688	23.098500
62.8	4.651984	7.113225	11.765209	23.000174
62.9	3.860694	7.868774	11.729468	22.870680
63	6.271436	5.439107	11.710543	22.741604
63.1	8.294668	3.442001	11.736670	22.639440
63.2	6.808460	4.962327	11.770786	22.579052
63.3	3.777883	7.984440	11.762323	22.561307
63.4	3.639411	8.080825	11.720237	22.575127
63.5	6.963407	4.739581	11.702988	22.602709
63.6	9.377842	2.359035	11.736877	22.625795
63.7	7.531474	4.245405	11.776879	22.630810
63.8	3.882546	7.884941	11.767486	22.611384
63.9	3.452137	8.268723	11.720860	22.567922
64	6.835795	4.866216	11.702011	22.504981
64.1	9.235825	2.502720	11.738546	22.427954
64.2	7.114329	4.665621	11.779951	22.340560
64.3	3.331431	8.434653	11.766084	22.244128
64.4	3.398105	8.314462	11.712568	22.138774
64.5	7.725222	3.967844	11.693065	22.025693
64.6	10.641472	1.097043	11.738514	21.909353
64.7	7.944612	3.846295	11.790907	21.798389
64.8	2.866857	8.912040	11.778896	21.704556
64.9	2.066261	9.649326	11.715587	21.639895
65	6.719681	4.964514	11.684196	21.612995
65.1	10.748975	0.978228	11.727203	21.625643
65.2	8.834050	2.953774	11.787824	21.671082
65.3	3.567044	8.217972	11.785016	21.734565
65.4	2.022669	9.700060	11.722729	21.796188
65.5	6.230532	5.454882	11.685413	21.835241
65.6	10.395064	1.329142	11.724206	21.834884
65.7	8.716152	3.070905	11.787057	21.785917
65.8	3.305991	8.482286	11.788277	21.688728
65.9	1.443134	10.281500	11.724634	21.553041
66	5.764069	5.916834	11.680903	21.395717
66.1	10.610142	1.106142	11.716285	21.237252
66.2	9.532796	2.251587	11.784383	21.097846
66.3	3.918279	7.876668	11.794947	20.993872
66.4	1.141468	10.593117	11.734585	20.935331
66.5	4.731993	6.952151	11.684145	20.924658
66.6	9.754211	1.955680	11.709891	20.956909
66.7	9.529069	2.246307	11.775376	21.021238
66.8	4.564853	7.227121	11.791974	21.103346
66.9	1.707687	10.030892	11.738578	21.188497
67	4.806174	6.882586	11.688760	21.264538
67.1	9.568108	2.142067	11.710175	21.324323
67.2	9.471310	2.302019	11.773328	21.366936
67.3	4.617443	7.174970	11.792413	21.397322
67.4	1.564959	10.176500	11.741459	21.424303
67.5	4.475480	7.213115	11.688595	21.457429
67.6	9.570043	2.133690	11.703733	21.503535
67.7	10.253776	1.511824	11.765600	21.564125
67.8	5.857850	5.934438	11.792289	21.634556
67.9	2.294609	9.456730	11.751339	21.705501
68	4.026620	7.673720	11.700340	21.766406
68.1	8.322740	3.383792	11.706532	21.809885
68.2	9.310842	2.446455	11.757297	21.835483
68.3	5.969385	5.812002	11.781387	21.851259
68.4	3.196793	8.550774	11.747567	21.872240
68.5	4.865981	6.838741	11.704721	21.915838
68.6	8.601898	3.110063	11.711962	21.995474
68.7	9.264292	2.493688	11.757981	22.114505
68.8	6.034212	5.745188	11.779400	22.262747
68.9	3.333942	8.415037	11.748979	22.417242
69	4.609486	7.101215	11.710701	22.547623
69.1	7.762756	3.953484	11.716240	22.624847
69.2	8.373069	3.381062	11.754132	22.630722
69.3	5.895969	5.873307	11.769275	22.565121
69.4	4.141574	7.600371	11.741945	22.448232
69.5	5.633194	6.080785	11.713979	22.316620
69.6	8.017636	3.709455	11.727091	22.213858
69.7	7.573370	4.189246	11.762615	22.178326
69.8	4.689832	7.078578	11.768410	22.231868
69.9	3.423997	8.310096	11.734094	22.372912
70	5.718322	5.988770	11.707092	22.576377
70.1	8.515682	3.210287	11.725970	22.800549
70.2	7.961653	3.803546	11.765199	22.998872
70.3	4.828734	6.941514	11.770248	23.132990
70.4	3.470502	8.263873	11.734375	23.182935
70.5	5.700786	6.007812	11.708598	23.151305
70.6	8.225621	3.504062	11.729684	23.060308
70.7	7.332578	4.434774	11.767352	22.942889
70.8	4.259805	7.506640	11.766445	22.831152
70.9	3.551049	8.174972	11.726021	22.746082
71	6.545910	5.157171	11.703081	22.692044
71.1	9.210662	2.522187	11.732849	22.657719
71.2	7.642261	4.134284	11.776545	22.622816
71.3	3.720889	8.051747	11.772636	22.567848
71.4	2.822742	8.900549	11.723291	22.483149
71.5	6.426516	5.268357	11.694873	22.373691
71.6	9.822016	1.905793	11.727810	22.257837
71.7	8.392188	3.386626	11.778815	22.160473
71.8	4.033719	7.744213	11.777932	22.103090
71.9	2.742397	8.982672	11.725068	22.094603
72	6.397099	5.295539	11.692638	22.126484
72.1	9.990275	1.736880	11.727155	22.174271
72.2	8.373525	3.409673	11.783197	22.205168
72.3	3.483632	8.299230	11.782861	22.189192
72.4	2.006117	9.716694	11.722811	22.109938
72.5	6.322850	5.359537	11.682387	21.971051
72.6	10.986355	0.731654	11.718009	21.795939
72.7	9.785667	1.999494	11.785160	21.620650
72.8	4.109067	7.686476	11.795542	21.482272
72.9	1.274120	10.460908	11.735028	21.406830
73	4.862944	6.820713	11.683658	21.400899
73.1	9.962084	1.747034	11.709119	21.449859
73.2	9.749882	2.026255	11.776138	21.523354
73.3	4.627143	7.166921	11.794064	21.586001
73.4	1.615484	10.123528	11.739012	21.609492
73.5	4.837523	6.848425	11.685948	21.581803
73.6	9.925510	1.781820	11.707330	21.510254
73.7	9.910315	1.864764	11.775079	21.417449
73.8	4.646055	7.152156	11.798211	21.331718
73.9	1.056178	10.689105	11.745282	21.275690
74	3.873342	7.813207	11.686549	21.257329
74.1	9.338124	2.361364	11.699489	21.266857
74.2	10.278915	1.486545	11.765460	21.280835
74.3	5.662829	6.133250	11.796079	21.271962
74.4	1.801874	9.950401	11.752275	21.221028
74.5	3.758706	7.936430	11.695136	21.126502
74.6	8.640891	3.060806	11.701697	21.007971
74.7	9.716384	2.044854	11.761239	20.901798
74.8	5.586141	6.205569	11.791710	20.850095
74.9	1.975184	9.776589	11.751773	20.886602
75	3.879650	7.816204	11.695853	21.024281
75.1	8.823601	2.875715	11.699315	21.249007
75.2	10.270017	1.486966	11.756983	21.521784
75.3	6.404439	5.387312	11.791751	21.789066
75.4	2.422765	9.336217	11.758982	21.998019
75.5	3.459191	8.245262	11.704453	22.111884
75.6	7.869005	3.831097	11.700102	22.120516
75.7	9.758219	1.989662	11.747881	22.042778
75.8	6.971852	4.809385	11.781238	21.920122
75.9	3.649387	8.108261	11.757648	21.803559
76	4.251891	7.461853	11.713743	21.738300
76.1	7.562064	4.148759	11.710823	21.750966
76.2	8.748767	3.001303	11.750070	21.843238
76.3	6.239479	5.534788	11.774268	21.993591
76.4	3.744973	8.004703	11.749676	22.166043
76.5	4.864510	6.847532	11.712042	22.322637
76.6	8.036007	3.678514	11.714522	22.435363
76.7	8.839210	2.913827	11.753037	22.493697
76.8	6.220440	5.553122	11.773562	22.505646
76.9	3.847967	7.900917	11.748884	22.492523
77	4.844475	6.871246	11.715721	22.479780
77.1	7.459465	4.261636	11.721101	22.487377
77.2	7.749818	4.005602	11.755420	22.523102
77.3	5.319798	6.447445	11.767243	22.580933
77.4	3.872192	7.865870	11.738062	22.644671
77.5	5.781065	5.928782	11.709847	22.695142
77.6	8.487727	3.237571	11.725299	22.718136
77.7	8.004980	3.760365	11.765345	22.710150
77.8	4.674784	7.099147	11.773931	22.679933
77.9	2.937908	8.799144	11.737052	22.645421
78	5.213631	6.490869	11.704500	22.627327
78.1	8.417946	3.303511	11.721456	22.641728
78.2	8.157500	3.607021	11.764521	22.694237
78.3	4.878042	6.895109	11.773150	22.777692
78.4	3.307473	8.427131	11.734605	22.873983
78.5	5.800451	5.902955	11.703405	22.959214
78.6	8.871420	2.854175	11.725595	23.010392
78.7	7.975155	3.797085	11.772240	23.011441
78.8	4.041077	7.736069	11.777146	22.956794
78.9	2.506523	9.223042	11.729565	22.851758
79	5.845626	5.847187	11.692813	22.709959
79.1	9.855248	1.863804	11.719052	22.549077
79.2	9.135227	2.640272	11.775499	22.386415
79.3	4.525157	7.260881	11.786038	22.235659
79.4	2.207503	9.527436	11.734939	22.105490
79.5	5.384259	6.306526	11.690785	21.999971
79.6	9.783641	1.930921	11.714561	21.919998
79.7	9.337776	2.437478	11.775254	21.864854
79.8	4.514085	7.275740	11.789824	21.833116
79.9	1.884218	9.851978	11.736196	21.822606
80	5.251520	6.434226	11.685746	21.829645
80.1	10.289818	1.418451	11.708268	21.848195
80.2	10.168450	1.607765	11.776215	21.869589
80.3	4.791610	7.007611	11.799221	21.883265
80.4	1.152488	10.592503	11.744991	21.878527
80.5	4.106199	7.577955	11.684154	21.846876
80.6	9.841042	1.856045	11.697087	21.784237
80.7	10.866926	0.899725	11.766651	21.692374
80.8	5.924760	5.876212	11.800973	21.579028
80.9	1.580932	10.175100	11.756032	21.456700
81	3.413589	8.279993	11.693582	21.340380
81.1	8.646420	3.050739	11.697159	21.244744
81.2	10.059017	1.700961	11.759978	21.181418
81.3	5.784515	6.010986	11.795501	21.156827
81.4	1.751986	10.003224	11.755210	21.170945
81.5	3.566443	8.127459	11.693901	21.217105
81.6	8.882771	2.812203	11.694974	21.282885
81.7	10.564516	1.193150	11.757666	21.352017
81.8	6.294607	5.503851	11.798458	21.407143
81.9	1.662362	10.101229	11.763591	21.433116
82	2.658164	9.042152	11.700316	21.420352
82.1	7.760571	3.931539	11.692110	21.367527
82.2	10.169165	1.577898	11.747063	21.282876
82.3	6.960778	4.828834	11.789613	21.183443
82.4	2.782685	8.981269	11.763953	21.092088
82.5	3.335864	8.371850	11.707714	21.032633
82.6	7.696025	4.002136	11.698161	21.024193
82.7	9.797882	1.949116	11.746998	21.076183
82.8	6.790753	4.995886	11.786639	21.185516
82.9	2.812126	8.951451	11.763576	21.337055
83	3.244685	8.465223	11.709908	21.507454
83.1	7.475310	4.222272	11.697582	21.671462
83.2	9.917317	1.823589	11.740906	21.808868
83.3	7.609715	4.170417	11.780133	21.909897
83.4	3.953280	7.811473	11.764753	21.977258
83.5	3.788097	7.931975	11.720072	22.024031
83.6	6.879526	4.828772	11.708298	22.067999
83.7	8.660502	3.081675	11.742178	22.124309
83.8	6.785930	4.985021	11.770951	22.199041
83.9	4.212674	7.541520	11.754195	22.286109
84	4.747789	6.969916	11.717705	22.368833
84.1	7.604419	4.110195	11.714614	22.425933
84.2	8.635112	3.114216	11.749328	22.440006
84.3	6.313591	5.458561	11.772152	22.405524
84.4	3.897631	7.853037	11.750668	22.333310
84.5	4.759810	6.955898	11.715707	22.249482
84.6	7.590793	4.126243	11.717036	22.188716
84.7	8.300621	3.451693	11.752314	22.183675
84.8	5.881577	5.888990	11.770568	22.253957
84.9	3.849618	7.895690	11.745307	22.398346
85	5.172870	6.540193	11.713063	22.593230
85.1	7.919779	3.801774	11.721553	22.798151
85.2	7.939769	3.820601	11.760370	22.967045
85.3	4.892962	6.880735	11.773697	23.061786
85.4	2.999700	8.739706	11.739407	23.063710
85.5	5.185814	6.517302	11.703117	22.979359
85.6	8.750748	2.965720	11.716468	22.838473
85.7	8.850303	2.913490	11.763793	22.684827
85.8	5.204713	6.576351	11.781063	22.562816
85.9	2.674492	9.069396	11.743888	22.504157
86	4.658792	7.044096	11.702888	22.518948
86.1	8.349388	3.365477	11.714865	22.593886
86.2	8.556400	3.206892	11.763292	22.697954
86.3	4.976825	6.802795	11.779620	22.793417
86.4	2.769507	8.969170	11.738677	22.848211
86.5	5.391183	6.305100	11.696284	22.845477
86.6	9.524331	2.189506	11.713836	22.787150
86.7	9.372962	2.398476	11.771438	22.690710
86.8	4.724563	7.066647	11.791210	22.580677
86.9	1.636619	10.106416	11.743034	22.478293
87	4.417672	7.271194	11.688866	22.393353
87.1	9.626557	2.075052	11.701610	22.321281
87.2	10.448627	1.317220	11.765847	22.246432
87.3	5.815012	5.981238	11.796250	22.150253
87.4	1.950823	9.801018	11.751841	22.021014
87.5	4.061295	7.631088	11.692383	21.861183
87.6	9.266515	2.432280	11.698796	21.689361
87.7	10.414930	1.348512	11.763441	21.535686
87.8	5.769493	6.029565	11.799058	21.432116
87.9	1.491651	10.264407	11.756058	21.400975
88	3.434315	8.256189	11.690504	21.445947
88.1	9.207737	2.482284	11.690021	21.548970
88.2	11.245311	0.510960	11.756270	21.674461
88.3	6.849583	4.952516	11.802099	21.779691
88.4	1.777881	9.989795	11.767675	21.827916
88.5	2.570602	9.129240	11.699841	21.799816
88.6	7.914850	3.773749	11.688599	21.699285
88.7	10.560790	1.186057	11.746847	21.551585
88.8	7.085103	4.709734	11.794837	21.394494
88.9	2.340698	9.427950	11.768648	21.265537
89	2.746460	8.958951	11.705411	21.189749
89.1	7.623176	4.068194	11.691370	21.172207
89.2	10.245213	1.499663	11.744876	21.197827
89.3	7.021682	4.771056	11.792738	21.238360
89.4	2.313659	9.456521	11.770180	21.263918
89.5	2.473169	9.234716	11.707885	21.254785
89.6	7.291897	4.397449	11.689346	21.209177
89.7	10.378339	1.359915	11.738254	21.144118
89.8	7.775818	4.012539	11.788357	21.089074
89.9	3.114759	8.659356	11.774115	21.074667
90	2.534342	9.183229	11.717572	21.120553
90.1	6.480211	5.215255	11.695466	21.226949
90.2	9.421873	2.312825	11.734699	21.373000
90.3	7.540444	4.238347	11.778790	21.522802
90.4	3.755037	8.012572	11.767609	21.637161
90.5	3.447878	8.270810	11.718688	21.687118
90.6	7.038226	4.662137	11.700364	21.664562
90.7	9.574650	2.162490	11.737139	21.586206
90.8	7.634300	4.143675	11.777975	21.489388
90.9	3.907511	7.860608	11.768119	21.420956
91	3.349841	8.373253	11.723095	21.422774
91.1	6.458524	5.245891	11.704415	21.518539
91.2	8.893183	2.841102	11.734285	21.706139
91.3	7.623383	4.144800	11.768183	21.957909
91.4	4.886117	6.873834	11.759951	22.228596
91.5	4.668301	7.057149	11.725451	22.468354
91.6	6.996341	4.720296	11.716637	22.636610
91.7	8.133168	3.612740	11.745909	22.712533
91.8	6.179424	5.589725	11.769149	22.699134
91.9	3.915992	7.834456	11.750447	22.620216
92	4.790209	6.924770	11.714979	22.511656
92.1	7.824362	3.889504	11.713866	22.410197
92.2	8.825557	2.925088	11.750645	22.343423
92.3	6.302315	5.472263	11.774578	22.323860
92.4	3.685192	8.066632	11.751824	22.348517
92.5	4.565076	7.149154	11.714230	22.403288
92.6	7.588960	4.126390	11.715350	22.470065
92.7	8.307795	3.446477	11.754272	22.533807
92.8	5.517519	6.257800	11.775319	22.587103
92.9	3.133321	8.613029	11.746349	22.630996
93	4.744185	6.962052	11.706237	22.672256
93.1	8.372582	3.339853	11.712435	22.718598
93.2	8.968955	2.790531	11.759486	22.773914
93.3	5.447286	6.336071	11.783357	22.835416
93.4	2.465294	9.283874	11.749168	22.893696
93.5	4.176317	7.525437	11.701754	22.935549
93.6	8.401294	3.304957	11.706251	22.948414
93.7	9.420037	2.337860	11.757897	22.924729
93.8	5.802331	5.983948	11.786279	22.864666
93.9	2.517750	9.233627	11.751377	22.776344
94	4.189641	7.510706	11.700347	22.673576
94.1	8.618416	3.086068	11.704484	22.572004
94.2	9.627526	2.132779	11.760305	22.484963
94.3	5.588240	6.203209	11.791449	22.420339
94.4	1.934306	9.818026	11.752333	22.379239
94.5	3.919204	7.773935	11.693139	22.356603
94.6	9.282941	2.411666	11.694607	22.343282
94.7	10.975804	0.782278	11.758081	22.328727
94.8	6.575099	5.225502	11.800601	22.303449
94.9	1.732733	10.032211	11.764944	22.260667
95	2.786828	8.910707	11.697535	22.196974
95.1	8.301620	3.386034	11.687654	22.112234
95.2	10.941831	0.806145	11.747976	22.009044
95.3	7.273443	4.523776	11.797218	21.892144
95.4	2.350260	9.418993	11.769252	21.767913
95.5	2.884504	8.817708	11.702213	21.643921
95.6	8.172686	3.514542	11.687228	21.528397
95.7	11.013912	0.731565	11.745477	21.429458
95.8	7.412727	4.386508	11.799234	21.354120
95.9	2.010655	9.765432	11.776087	21.307237
96	1.928365	9.777741	11.706107	21.290662
96.1	7.282190	4.399350	11.681540	21.302840
96.2	11.067000	0.666758	11.733758	21.338969
96.3	8.477351	3.315321	11.792672	21.391626
96.4	3.142939	8.638671	11.781610	21.451640
96.5	2.069086	9.649670	11.718755	21.508983
96.6	6.284505	5.405318	11.689822	21.553561
96.7	9.752981	1.978637	11.731618	21.575959
96.8	7.744732	4.039784	11.784516	21.568351
96.9	3.170630	8.605079	11.775709	21.525742
97	2.424050	9.293904	11.717953	21.447535
97.1	6.606539	5.083931	11.690470	21.339075
97.2	10.092077	1.638421	11.730498	21.212537
97.3	8.213832	3.569940	11.783772	21.086428
97.4	3.520067	8.259209	11.779277	20.983205
97.5	2.221003	9.503662	11.724665	20.925051
97.6	5.846602	5.847026	11.693628	20.928581
97.7	9.416217	2.309226	11.725443	20.999853
97.8	8.328096	3.446228	11.774324	21.131352
97.9	4.417249	7.357305	11.774553	21.302269
98	3.126361	8.602895	11.729255	21.482581
98.1	6.008931	5.693503	11.702433	21.640226
98.2	8.877478	2.851854	11.729332	21.749555
98.3	7.816413	3.953709	11.770122	21.798583
98.4	4.516428	7.251488	11.767916	21.792660
98.5	3.688746	8.038743	11.727489	21.753155
98.6	6.447954	5.258134	11.706088	21.711235
98.7	8.920207	2.812246	11.732453	21.698458
98.8	7.781129	3.987238	11.768367	21.737056
98.9	4.801526	6.962779	11.764306	21.833039
99	4.145942	7.582659	11.728601	21.974446
99.1	6.466807	5.246454	11.713261	22.135454
99.2	8.181329	3.557551	11.738880	22.285050
99.3	6.783605	4.982616	11.766221	22.397426
99.4	4.470472	7.283564	11.754036	22.460516
99.5	4.876573	6.842957	11.719530	22.479715
99.6	7.647963	4.066279	11.714242	22.475368
99.7	8.752321	2.996787	11.749108	22.474831
99.8	6.251920	5.524294	11.776213	22.501829
99.9	3.325412	8.430090	11.755502	22.566912
100	4.017704	7.695474	11.713178	22.662528
100.1	7.511226	4.196258	11.707484	22.764695
100.2	9.062310	2.684993	11.747302	22.840977
100.3	6.535196	5.242669	11.777864	22.862155
100.4	3.461713	8.294503	11.756215	22.813604
100.5	4.177658	7.534705	11.712364	22.702268
100.6	7.676348	4.032576	11.708924	22.556554
100.7	8.864979	2.887996	11.752975	22.418808
100.8	5.717681	6.065729	11.783411	22.332618
100.9	2.392675	9.362066	11.754741	22.329031
101	3.688343	8.014436	11.702779	22.416254
101.1	8.263914	3.434737	11.698651	22.576341
101.2	10.124862	1.626053	11.750915	22.770042
101.3	6.686277	5.104414	11.790690	22.948310
101.4	2.464356	9.299451	11.763806	23.066686
101.5	3.112369	8.593460	11.705828	23.097905
101.6	7.723935	3.971577	11.695513	23.038686
101.7	9.966802	1.780662	11.747465	22.908719
101.8	6.710800	5.079767	11.790567	22.742536
101.9	2.433035	9.331166	11.764201	22.577332
102	3.207092	8.495427	11.702518	22.441064
102.1	8.296258	3.393893	11.690151	22.344883
102.2	10.895147	0.851756	11.746903	22.282226
102.3	7.282577	4.515545	11.798122	22.234432
102.4	2.064755	9.709024	11.773779	22.180383
102.5	2.211495	9.492547	11.704042	22.106263
102.6	7.706934	3.974091	11.681026	22.011658
102.7	11.412339	0.323647	11.735986	21.909679
102.8	8.488444	3.308239	11.796683	21.821157
102.9	2.828962	8.954293	11.783255	21.765260
103	1.869066	9.845549	11.714615	21.750312
103.1	6.702181	4.980456	11.682637	21.768550
103.2	10.725339	1.003662	11.729001	21.797151
103.3	8.559960	3.230212	11.790173	21.805466
103.4	3.221154	8.562578	11.783731	21.766041
103.5	1.958663	9.760368	11.719031	21.665457
103.6	6.471785	5.211798	11.683583	21.510904
103.7	10.678629	1.046234	11.724864	21.329824
103.8	8.932722	2.854576	11.787298	21.162372
103.9	3.546458	8.241531	11.787989	21.049008
104	1.584186	10.143352	11.727539	21.017356
104.1	5.413984	6.273212	11.687195	21.072835
104.2	9.744786	1.973944	11.718730	21.196341
104.3	8.907136	2.869705	11.776841	21.349889
104.4	4.359552	7.423590	11.783141	21.488383
104.5	2.404637	9.327440	11.732077	21.573593
104.6	5.522819	6.172654	11.695473	21.585649
104.7	9.183697	2.539153	11.722850	21.528274
104.8	8.245199	3.529869	11.775068	21.426124
104.9	3.993895	7.785975	11.779870	21.315360
105	2.276742	9.454010	11.730752	21.230869
105.1	5.488229	6.206069	11.694299	21.194631
105.2	9.403146	2.315525	11.718672	21.209233
105.3	8.983718	2.785979	11.769696	21.258637
105.4	5.067403	6.712260	11.779663	21.315720
105.5	2.947174	8.791771	11.738945	21.353692
105.6	5.116531	6.588868	11.705398	21.357208
105.7	8.197960	3.524733	11.722693	21.329103
105.8	7.946359	3.816072	11.762431	21.290316
105.9	5.086179	6.681347	11.767525	21.272970
106	3.968511	7.764087	11.732598	21.309007
106.1	6.267297	5.441747	11.709043	21.418337
106.2	8.693188	3.037525	11.730713	21.600641
106.3	7.780137	3.986432	11.766569	21.833684
106.4	4.814078	6.951791	11.765868	22.078827
106.5	3.951043	7.779198	11.730241	22.291962
106.6	6.308743	5.401784	11.710527	22.436348
106.7	8.453404	3.280590	11.733994	22.493244
106.8	7.366122	4.399798	11.765920	22.467028
106.9	4.748329	7.011634	11.759962	22.383361
107	4.507368	7.217727	11.725095	22.281200
107.1	7.034005	4.679054	11.713060	22.201341
107.2	8.535197	3.208223	11.743420	22.175122
107.3	6.514734	5.258665	11.773399	22.216630
107.4	3.601154	8.156517	11.757671	22.320431
107.5	4.043912	7.670935	11.714847	22.464987
107.6	7.592991	4.111691	11.704682	22.620182
107.7	9.488585	2.255947	11.744532	22.756277
107.8	6.933921	4.847947	11.781868	22.851516
107.9	3.166290	8.598494	11.764784	22.896336
108	3.230569	8.484417	11.714986	22.893500
108.1	7.035760	4.664586	11.700346	22.854812
108.2	9.332023	2.409666	11.741688	22.796061
108.3	6.888597	4.893645	11.782242	22.732095
108.4	3.066406	8.698315	11.764722	22.673550
108.5	3.295382	8.416325	11.711707	22.625876
108.6	7.485018	4.211856	11.696874	22.590391
108.7	9.899897	1.843626	11.743523	22.566398
108.8	6.964071	4.825575	11.789646	22.553207
108.9	2.397025	9.373697	11.770722	22.551161
109	2.410725	9.298580	11.709305	22.561352
109.1	7.245495	4.441861	11.687357	22.584334
109.2	10.610608	1.125085	11.735694	22.618537
109.3	8.056644	3.733728	11.790372	22.659190
109.4	3.048620	8.729134	11.777754	22.698282
109.5	2.375619	9.339103	11.714722	22.725681
109.6	6.949276	4.737871	11.687147	22.731056
109.7	10.480182	1.253442	11.733624	22.706024
109.8	7.990176	3.801492	11.791668	22.645892
109.9	2.706505	9.074600	11.781104	22.550584
110	1.874139	9.839275	11.713413	22.424633
110.1	6.961906	4.716557	11.678463	22.276387
110.2	11.472392	0.252123	11.724515	22.116749
110.3	9.470867	2.321535	11.792403	21.957714
110.4	3.501242	8.292100	11.793342	21.810928
110.5	1.268722	10.458145	11.726867	21.686335
110.6	5.482486	6.198512	11.680998	21.590963
110.7	10.395888	1.318896	11.714785	21.527951
110.8	9.568889	2.211940	11.780829	21.495977
110.9	4.373540	7.417039	11.790579	21.489354
111	1.924714	9.808350	11.733064	21.498946
111.1	5.420229	6.267335	11.687565	21.513892
111.2	9.957674	1.757653	11.715327	21.523831
111.3	9.307540	2.470199	11.777738	21.521088
111.4	4.331202	7.458946	11.790148	21.502164
111.5	1.713302	10.023106	11.736408	21.468062
111.6	4.903132	6.786065	11.689197	21.423305
111.7	9.569061	2.141873	11.710934	21.374012
111.8	9.543620	2.227223	11.770843	21.325732
111.9	5.043453	6.745304	11.788757	21.281909
112	2.133005	9.610373	11.743378	21.243587
112.1	4.448138	7.249985	11.698124	21.210474
112.2	8.513152	3.199690	11.712842	21.182868
112.3	8.760729	3.003242	11.763971	21.163485
112.4	5.113026	6.667089	11.780115	21.158116
112.5	2.813634	8.927025	11.740659	21.174457
112.6	5.054480	6.647268	11.701748	21.219149
112.7	8.674753	3.042282	11.717035	21.293952
112.8	8.672836	3.091699	11.764535	21.392568
112.9	5.093147	6.685734	11.778880	21.499680
113	2.832444	8.909134	11.741578	21.593252
113.1	4.865244	6.839188	11.704432	21.649976
113.2	8.326898	3.389731	11.716629	21.652568
113.3	8.653551	3.104909	11.758460	21.596623
113.4	5.797783	5.973992	11.771775	21.494546
113.5	3.960156	7.781230	11.741386	21.374700
113.6	5.538032	6.175293	11.713326	21.275376
113.7	7.930346	3.797031	11.727377	21.234870
113.8	7.516837	4.244335	11.761172	21.280476
113.9	4.933205	6.830864	11.764069	21.419819
114	4.098195	7.632574	11.730769	21.637468
114.1	6.473465	5.235715	11.709180	21.898257
114.2	8.842399	2.889133	11.731532	22.156625
114.3	7.845929	3.921418	11.767348	22.369258
114.4	4.824694	6.941378	11.766072	22.507157
114.5	3.993106	7.736309	11.729415	22.563274
114.6	6.441368	5.268592	11.709960	22.553259
114.7	8.513924	3.222480	11.736405	22.509086
114.8	7.020346	4.750805	11.771151	22.467690
114.9	3.955476	7.806957	11.762433	22.458447
115	3.857642	7.861665	11.719307	22.493735
115.1	7.283280	4.419016	11.702296	22.565735
115.2	9.642722	2.096346	11.739068	22.650518
115.3	7.402574	4.379681	11.782255	22.717869
115.4	3.217329	8.554521	11.771850	22.743311
115.5	2.628741	9.090279	11.719021	22.717976
115.6	6.528524	5.165646	11.694170	22.652722
115.7	9.734916	1.996839	11.731755	22.574907
115.8	7.916349	3.865135	11.781484	22.518854
115.9	3.548584	8.226823	11.775407	22.513338
116	2.627502	9.093849	11.721351	22.570539
116.1	6.441703	5.252107	11.693810	22.680478
116.2	9.683581	2.048508	11.732089	22.813087
116.3	7.691229	4.093300	11.784529	22.927406
116.4	3.013495	8.764095	11.777590	22.984872
116.5	2.141410	9.576208	11.717618	22.962198
116.6	6.614923	5.070284	11.685207	22.859420
116.7	10.642331	1.084211	11.726542	22.700313
116.8	8.753646	3.034846	11.788492	22.524997
116.9	3.291726	8.496277	11.788003	22.377215
117	1.475040	10.249287	11.724327	22.290593
117.1	5.766919	5.914914	11.681833	22.278452
117.2	10.493725	1.223655	11.717380	22.330507
117.3	9.397060	2.386250	11.783310	22.417313
117.4	4.041921	7.749016	11.790937	22.500696
117.5	1.724740	10.005286	11.730026	22.546357
117.6	5.630812	6.052222	11.683034	22.534264
117.7	10.496814	1.217315	11.714129	22.463384
117.8	9.675985	2.106267	11.782252	22.349458
117.9	4.128910	7.666860	11.795770	22.217081
118	1.220969	10.514577	11.735546	22.089361
118.1	4.901670	6.779274	11.680944	21.979200
118.2	10.423879	1.280059	11.703938	21.885489
118.3	10.646898	1.126733	11.773631	21.795525
118.4	5.444207	6.354322	11.798530	21.692556
118.5	1.691759	10.056684	11.748443	21.565310
118.6	4.042136	7.650290	11.692426	21.415606
118.7	8.932003	2.772200	11.704202	21.260792
118.8	9.665474	2.098874	11.764348	21.129700
118.9	5.456701	6.332997	11.789697	21.053284
119	2.243041	9.503898	11.746939	21.053175
119.1	4.448781	7.247042	11.695824	21.132364
119.2	9.032466	2.673572	11.706038	21.271617
119.3	9.756595	2.006462	11.763057	21.433299
119.4	5.652649	6.137197	11.789846	21.571710
119.5	2.187208	9.564682	11.751891	21.646697
119.6	3.785190	7.916683	11.701873	21.636063
119.7	8.015720	3.690280	11.706000	21.542585
119.8	9.158668	2.596462	11.755130	21.393241
119.9	5.984716	5.796024	11.780740	21.230823
120	3.121962	8.628029	11.749991	21.100679
120.1	4.466963	7.241299	11.708262	21.036941
120.2	7.920712	3.792962	11.713675	21.052707
120.3	8.549610	3.207377	11.756986	21.137282
120.4	5.511109	6.265671	11.776780	21.261130
120.5	3.106920	8.638859	11.745779	21.386628
120.6	4.709671	6.997802	11.707473	21.480837
120.7	8.138745	3.575536	11.714281	21.525939
120.8	8.799243	2.956134	11.755377	21.523958
120.9	6.019800	5.754033	11.773833	21.494462
121	3.771494	7.974993	11.746488	21.466361
121.1	4.998956	6.715152	11.714107	21.466915
121.2	7.653820	4.067954	11.721774	21.511878
121.3	7.868822	3.886815	11.755637	21.600192
121.4	5.544228	6.220714	11.764941	21.714893
121.5	4.349904	7.386211	11.736115	21.829732
121.6	6.251511	5.460823	11.712334	21.919014
121.7	8.526144	3.204440	11.730585	21.967135
121.8	7.656005	4.110626	11.766631	21.974504
121.9	4.565778	7.202221	11.767999	21.957862
122	3.572376	8.157255	11.729631	21.944973
122.1	6.296877	5.407120	11.703997	21.965520
122.2	9.140039	2.588371	11.728411	22.041286
122.3	8.140258	3.630467	11.770724	22.178795
122.4	4.585298	7.186751	11.772049	22.366675
122.5	3.390604	8.338847	11.729451	22.578432
122.6	6.250609	5.451777	11.702386	22.779573
122.7	9.096804	2.633793	11.730597	22.936755
122.8	7.667043	4.109410	11.776453	23.026191
122.9	3.629547	8.145088	11.774636	23.038986
123	2.580545	9.143074	11.723620	22.982209
123.1	6.336702	5.354898	11.691599	22.875845
123.2	10.106564	1.618019	11.724583	22.746966
123.3	8.759255	3.021814	11.781069	22.623010
123.4	3.874891	7.910635	11.785526	22.526051
123.5	1.837245	9.893700	11.730945	22.469307
123.6	5.284839	6.405481	11.690321	22.456278
123.7	9.476241	2.242324	11.718565	22.482110
123.8	8.674900	3.102140	11.777040	22.536290
123.9	4.000901	7.784138	11.785039	22.605643
124	1.988471	9.741710	11.730180	22.676900
124.1	5.641770	6.045306	11.687076	22.738455
124.2	10.147215	1.569300	11.716515	22.781339
124.3	9.271346	2.509737	11.781083	22.799643
124.4	3.921177	7.872384	11.793561	22.790635
124.5	1.169190	10.565688	11.734878	22.754702
124.6	4.827797	6.854120	11.681918	22.695102
124.7	10.215802	1.489679	11.705480	22.617434
124.8	10.295689	1.479084	11.774773	22.528786
124.9	5.055174	6.742655	11.797829	22.436645
125	1.527478	10.217073	11.744551	22.347788
125.1	4.375637	7.311358	11.686995	22.267401
125.2	9.675191	2.027224	11.702415	22.198635
125.3	10.242739	1.526775	11.769514	22.142604
125.4	5.318952	6.478528	11.797481	22.098682
125.5	1.574667	10.173715	11.748382	22.064835
125.6	4.120797	7.567194	11.687991	22.037788
125.7	9.639260	2.057934	11.697193	22.012990
125.8	10.831361	0.932400	11.763761	21.984567
125.9	6.144715	5.654816	11.799531	21.945600
126	1.751003	10.007435	11.758438	21.889025
126.1	3.271867	8.424572	11.696439	21.809227
126.2	8.440536	3.254311	11.694847	21.704041
126.3	10.380699	1.371733	11.752432	21.576519
126.4	6.816441	4.974085	11.790526	21.435708
126.5	2.803175	8.957358	11.760533	21.295823
126.6	3.628959	8.077952	11.706910	21.173679
126.7	7.764322	3.938924	11.703246	21.084873
126.8	9.286046	2.465952	11.751998	21.039777
126.9	6.118621	5.665483	11.784104	21.040613
127	2.737384	9.017998	11.755382	21.080706
127.1	3.863379	7.842602	11.705981	21.146338
127.2	7.996461	3.707037	11.703498	21.220737
127.3	9.573371	2.177154	11.750524	21.288948
127.4	6.568698	5.214374	11.783072	21.341920
127.5	3.082452	8.676591	11.759043	21.378331
127.6	3.602085	8.111684	11.713768	21.403467
127.7	7.018704	4.689955	11.708658	21.425535
127.8	8.487566	3.259404	11.746970	21.450851
127.9	6.230916	5.541768	11.772685	21.479856
128	3.771117	7.979390	11.750508	21.505740
128.1	4.743743	6.970054	11.713796	21.516546
128.2	7.773147	3.942276	11.715424	21.500274
128.3	8.539566	3.213417	11.752983	21.451223
128.4	5.939075	5.834258	11.773333	21.375081
128.5	3.603313	8.144890	11.748203	21.290459
128.6	4.740467	6.972954	11.713421	21.225636
128.7	7.668963	4.048399	11.717361	21.210983
128.8	8.308915	3.443780	11.752695	21.269204
128.9	5.989380	5.778647	11.768027	21.406619
129	4.289170	7.452836	11.742007	21.608703
129.1	5.771019	5.942810	11.713829	21.841925
129.2	8.209197	3.517143	11.726340	22.061923
129.3	7.799309	3.963653	11.762962	22.225883
129.4	4.813470	6.956302	11.769772	22.305374
129.5	3.491087	8.242175	11.733262	22.295474
129.6	6.049617	5.653314	11.702931	22.217027
129.7	9.243117	2.480278	11.723395	22.110983
129.8	8.620235	3.149335	11.769571	22.026338
129.9	4.799587	6.978633	11.778220	22.005383
130	2.896054	8.839552	11.735606	22.070920
130.1	5.554641	6.144672	11.699313	22.219562
130.2	9.139677	2.580679	11.720356	22.423279
130.3	8.593112	3.178075	11.771188	22.638623
130.4	4.491359	7.289851	11.781210	22.820555
130.5	2.471755	9.262478	11.734232	22.936251
130.6	5.516783	6.176846	11.693629	22.974350
130.7	9.617156	2.099913	11.717070	22.946704
130.8	9.031584	2.743986	11.775570	22.882305
130.9	4.215337	7.574501	11.789838	22.815741
131	1.504740	10.233156	11.737896	22.774401
131.1	4.666770	7.020829	11.687599	22.768995
131.2	9.661649	2.045125	11.706774	22.790682
131.3	9.899515	1.871336	11.770851	22.815709
131.4	5.082471	6.711933	11.794403	22.815713
131.5	1.663358	10.082731	11.746089	22.769829
131.6	4.165417	7.526221	11.691638	22.674091
131.7	9.056279	2.648919	11.705198	22.544572
131.8	9.547889	2.220342	11.768232	22.413013
131.9	4.892678	6.901154	11.793832	22.316366
132	1.520199	10.224753	11.744951	22.283900
132.1	4.329953	7.356404	11.686357	22.326455
132.2	9.881065	1.817253	11.698317	22.431666
132.3	10.820789	0.946696	11.767484	22.566940
132.4	5.740954	6.061998	11.802952	22.689231
132.5	1.200973	10.556385	11.757358	22.758305
132.6	3.091977	8.598626	11.690604	22.748988
132.7	8.849718	2.840494	11.690212	22.658291
132.8	10.919645	0.835365	11.755010	22.505144
132.9	6.797561	5.000315	11.797876	22.323065
133	2.213509	9.549367	11.762876	22.148533
133.1	3.320680	8.378331	11.699011	22.009219
133.2	8.485980	3.206721	11.692701	21.916172
133.3	10.644107	1.107446	11.751552	21.862431
133.4	6.869278	4.926409	11.795687	21.828220
133.5	2.229742	9.536458	11.766199	21.790411
133.6	2.888037	8.815321	11.703357	21.732524
133.7	7.888196	3.802544	11.690741	21.651418
133.8	10.603706	1.139466	11.743172	21.558181
133.9	7.648268	4.141170	11.789438	21.473006
134	3.173724	8.596113	11.769836	21.416129
134.1	3.027327	8.687226	11.714553	21.398448
134.2	6.957313	4.741746	11.699059	21.415579
134.3	9.331615	2.409545	11.741160	21.447878
134.4	7.004255	4.775908	11.780163	21.466695
134.5	3.426829	8.335891	11.762720	21.444802
134.6	3.624929	8.090071	11.715000	21.367265
134.7	7.240212	4.463659	11.703872	21.238722
134.8	9.190104	2.553872	11.743976	21.084191
134.9	6.779739	4.999519	11.779258	20.942742
135	3.335566	8.426152	11.761718	20.855869
135.1	3.503923	8.212743	11.716667	20.854310
135.2	6.903669	4.802066	11.705735	20.947689
135.3	8.849549	2.892106	11.741656	21.120484
135.4	6.893102	4.880017	11.773119	21.335760
135.5	4.008930	7.748966	11.757896	21.545534
135.6	4.203926	7.516434	11.720360	21.704487
135.7	6.927422	4.787078	11.714500	21.782669
135.8	8.089495	3.657570	11.747065	21.773262
135.9	6.026467	5.743035	11.769502	21.693158
136	3.855188	7.893246	11.748433	21.576476
136.1	4.931198	6.782420	11.713618	21.463420
136.2	7.956286	3.759135	11.715421	21.388212
136.3	8.746145	3.006449	11.752594	21.369973
136.4	6.170804	5.602533	11.773338	21.409174
136.5	3.808695	7.939936	11.748631	21.490324
136.6	4.904808	6.809009	11.713817	21.589487
136.7	7.763574	3.955064	11.718638	21.683681
136.8	8.179298	3.576596	11.755893	21.758873
136.9	5.525243	6.245514	11.770758	21.813956
137	3.783394	7.955981	11.739374	21.859679
137.1	5.846964	5.858489	11.705452	21.913272
137.2	9.102424	2.617753	11.720177	21.990958
137.3	8.808471	2.959215	11.767686	22.101090
137.4	4.854440	6.928402	11.782843	22.240284
137.5	2.361804	9.379245	11.741049	22.393768
137.6	4.853921	6.842143	11.696064	22.539655
137.7	9.217756	2.491624	11.709380	22.655583
137.8	9.647069	2.117971	11.765040	22.725474
137.9	5.505399	6.283043	11.788442	22.744276
138	2.353227	9.393984	11.747211	22.719320
138.1	4.468327	7.228750	11.697078	22.668078
138.2	8.926018	2.781353	11.707371	22.613218
138.3	9.468266	2.297256	11.765522	22.576531
138.4	5.097960	6.694058	11.792018	22.573508
138.5	1.653843	10.094507	11.748351	22.609904
138.6	3.976537	7.715082	11.691619	22.680966
138.7	9.185360	2.513694	11.699054	22.773164
138.8	10.348577	1.414160	11.762738	22.867703
138.9	5.802332	5.995805	11.798137	22.944795
139	1.525278	10.232058	11.757336	22.987673
139.1	3.192531	8.502022	11.694552	22.985653
139.2	8.531300	3.162674	11.693974	22.935810
139.3	10.348172	1.407993	11.756165	22.843213
139.4	6.229923	5.566884	11.796806	22.719831
139.5	1.821973	9.938561	11.760534	22.582356
139.6	3.193604	8.502667	11.696272	22.449307
139.7	8.575750	3.115787	11.691537	22.337831
139.8	10.684264	1.069578	11.753842	22.260716
139.9	6.563063	5.236562	11.799625	22.224174
140	1.668504	10.097919	11.766423	22.226873
140.1	2.623167	9.074201	11.697367	22.260477
140.2	8.334446	3.349531	11.683977	22.311606
140.3	11.400132	0.343898	11.744030	22.364767
140.4	7.912909	3.885400	11.798310	22.405493
140.5	2.550842	9.225758	11.776599	22.422870
140.6	2.253435	9.456669	11.710104	22.410835
140.7	7.073502	4.614040	11.687541	22.368041
140.8	10.385842	1.350321	11.736162	22.296585
140.9	7.910986	3.876869	11.787855	22.200287
141	3.296058	8.477114	11.773173	22.083332
141.1	2.930229	8.783933	11.714162	21.949842
141.2	7.262301	4.429626	11.691927	21.804498
141.3	10.352256	1.383782	11.736038	21.653762
141.4	8.012300	3.774001	11.786301	21.506851
141.5	3.371623	8.404301	11.775923	21.375627
141.6	2.498580	9.222198	11.720778	21.272896
141.7	6.271365	5.423690	11.695054	21.209323
141.8	9.483969	2.246178	11.730148	21.189855
141.9	8.058378	3.716943	11.775322	21.210985
142	4.342672	7.427463	11.770135	21.260155
142.1	3.506306	8.219725	11.726031	21.317982
142.2	6.367949	5.338545	11.706494	21.363048
142.3	8.563468	3.173950	11.737418	21.377971
142.4	6.876876	4.896244	11.773121	21.354828
142.5	3.715400	8.047042	11.762442	21.298013
142.6	3.602426	8.117887	11.720312	21.223301
142.7	6.791264	4.914333	11.705597	21.153165
142.8	8.947499	2.790911	11.738410	21.109684
142.9	7.207446	4.565573	11.773019	21.107382
143	4.071040	7.691551	11.762592	21.148472
143.1	3.795478	7.928280	11.723758	21.222274
143.2	6.491680	5.219686	11.711365	21.309170
143.3	8.182393	3.558471	11.740864	21.387797
143.4	6.556542	5.211520	11.768062	21.442961
143.5	4.182208	7.571232	11.753440	21.471346
143.6	4.688015	7.030667	11.718682	21.482775
143.7	7.458752	4.256351	11.715104	21.496328
143.8	8.475715	3.273592	11.749307	21.532526
143.9	6.135632	5.636931	11.772564	21.604351
144	3.703853	8.046282	11.750135	21.710494
144.1	4.758416	6.953872	11.712287	21.833642
144.2	8.002733	3.710264	11.712998	21.944909
144.3	8.920907	2.832063	11.752970	22.013318
144.4	6.143692	5.632774	11.776465	22.017309
144.5	3.546168	8.202988	11.749156	21.954225
144.6	4.888445	6.819999	11.708444	21.844177
144.7	8.379612	3.333364	11.712976	21.726414
144.8	8.972027	2.787200	11.759228	21.648810
144.9	5.483213	6.299693	11.782906	21.653545
145	2.597589	9.149832	11.747421	21.763496
145.1	4.585737	7.112334	11.698071	21.973908
145.2	9.177534	2.525807	11.703341	22.252282
145.3	10.259873	1.500289	11.760162	22.546841
145.4	6.113177	5.680946	11.794123	22.801075
145.5	2.002322	9.756343	11.758665	22.969838
145.6	3.290626	8.409237	11.699862	23.031888
145.7	8.194598	3.501633	11.696230	22.994920
145.8	10.089242	1.663315	11.752558	22.891602
145.9	6.439826	5.352382	11.792208	22.768107
146	2.285374	9.475256	11.760630	22.669051
146.1	3.410410	8.290064	11.700474	22.623879
146.2	8.378236	3.316545	11.694782	22.639100
146.3	10.338725	1.414837	11.753562	22.698650
146.4	6.336480	5.461652	11.798132	22.771852
146.5	1.519073	10.247572	11.766645	22.825820
146.6	2.366744	9.332233	11.698977	22.837731
146.7	7.938787	3.746060	11.684848	22.802635
146.8	10.989730	0.753790	11.743520	22.734158
146.9	7.588310	4.208916	11.797226	22.658136
147	2.352368	9.422719	11.775088	22.601771
147.1	2.239362	9.468647	11.708009	22.582452
147.2	7.234315	4.452318	11.686633	22.600500
147.3	10.461139	1.277944	11.739082	22.638512
147.4	7.527317	4.266125	11.793441	22.667610
147.5	2.465289	9.310049	11.775338	22.658262
147.6	2.262941	9.445625	11.708566	22.591731
147.7	7.393646	4.289368	11.683015	22.467894
147.8	11.126622	0.606976	11.733598	22.306526
147.9	8.527148	3.266304	11.793452	22.141459
148	3.031738	8.751980	11.783719	22.009602
148.1	1.829243	9.889178	11.718421	21.938653
148.2	6.338210	5.346018	11.684228	21.937793
148.3	10.506900	1.217433	11.724333	21.994584
148.4	8.997333	2.785665	11.782998	22.079098
148.5	4.135549	7.647208	11.782757	22.153767
148.6	2.480196	9.247352	11.727548	22.185451
148.7	5.959454	5.734270	11.693724	22.155548
148.8	9.569182	2.155956	11.725139	22.064743
148.9	8.413335	3.362785	11.776121	21.930989
149	4.270487	7.506290	11.776778	21.781767
149.1	2.899818	8.828292	11.728111	21.643646
149.2	6.094648	5.603138	11.697786	21.533076
149.3	9.406665	2.319485	11.726150	21.451735
149.4	8.383737	3.389178	11.772915	21.387991
149.5	4.550863	7.224100	11.774963	21.323714
149.6	3.067588	8.664890	11.732477	21.243669
149.7	5.607013	6.098382	11.705395	21.143760
149.8	8.334692	3.394185	11.728877	21.034836
149.9	7.487306	4.279370	11.766676	20.940401
150	4.547372	7.217400	11.764772	20.888866
150.1	3.895709	7.831689	11.727398	20.903023
150.2	6.496057	5.213136	11.709192	20.990539
150.3	8.574226	3.162605	11.736831	21.139016
150.4	7.039718	4.731753	11.771471	21.317633
150.5	3.903613	7.860432	11.764045	21.485134
150.6	3.471861	8.252609	11.724470	21.601733
150.7	6.321033	5.386357	11.707391	21.641097
150.8	8.542681	3.192638	11.735319	21.598522
150.9	7.254935	4.512870	11.767805	21.492626
151	4.561713	7.197795	11.759509	21.360004
151.1	4.411780	7.312560	11.724340	21.244551
151.2	6.902729	4.811947	11.714676	21.184835
151.3	8.187298	3.558112	11.745410	21.203427
151.4	6.135069	5.636446	11.771515	21.301335
151.5	3.612148	8.140243	11.752391	21.458980
151.6	4.511900	7.200196	11.712096	21.643032
151.7	8.032180	3.675814	11.707994	21.816687
151.8	9.457755	2.291554	11.749309	21.950036
151.9	6.674718	5.106037	11.780754	22.027465
152	3.352373	8.405473	11.757845	22.050139
152.1	4.063102	7.647530	11.710632	22.033384
152.2	7.884020	3.820616	11.704637	22.000321
152.3	9.479342	2.270477	11.749819	21.974151
152.4	6.464027	5.320075	11.784102	21.971614
152.5	2.919716	8.838194	11.757909	21.999467
152.6	3.925942	7.778944	11.704886	22.054631
152.7	8.403490	3.295193	11.698683	22.127406
152.8	10.264359	1.487067	11.751426	22.206233
152.9	6.661268	5.132164	11.793432	22.282208
153	2.152975	9.613013	11.765988	22.351859
153.1	2.804936	8.898094	11.703030	22.417500
153.2	7.948530	3.739857	11.688387	22.485336
153.3	10.837602	0.905512	11.743115	22.562217
153.4	7.592236	4.202988	11.795225	22.652271
153.5	2.468116	9.307135	11.775251	22.754502
153.6	2.222218	9.487878	11.710096	22.862051
153.7	7.043857	4.643667	11.687524	22.963217
153.8	10.299305	1.438468	11.737773	23.043873
153.9	7.516562	4.275649	11.792211	23.090574
154	2.486860	9.289135	11.775995	23.093610
154.1	2.161035	9.549006	11.710041	23.049360
154.2	7.177481	4.506222	11.683703	22.961498
154.3	10.866266	0.867775	11.734041	22.840849
154.4	8.181590	3.613163	11.794753	22.703889
154.5	2.555996	9.228596	11.784592	22.570087
154.6	1.389400	10.327202	11.716601	22.458466
154.7	6.186143	5.494730	11.680873	22.383960
154.8	10.581346	1.142560	11.723906	22.354275
154.9	8.879976	2.906975	11.786950	22.368004
155	3.606373	8.179389	11.785763	22.414579
155.1	1.971186	9.752416	11.723602	22.476283
155.2	6.124374	5.561129	11.685503	22.532050
155.3	10.346645	1.376242	11.722887	22.562210
155.4	8.858829	2.925970	11.784799	22.553025
155.5	3.625834	8.161661	11.787495	22.499767
155.6	1.678434	10.048702	11.727136	22.407462
155.7	5.677676	6.006286	11.683962	22.289076
155.8	10.429704	1.284566	11.714271	22.161667
155.9	9.873610	1.902983	11.776593	22.041728
156	5.015925	6.773492	11.789416	21.941126
156.1	2.296282	9.443472	11.739755	21.864883
156.2	4.915025	6.781667	11.696692	21.811351
156.3	8.888676	2.827125	11.715801	21.774474
156.4	8.810646	2.955800	11.766446	21.747081
156.5	5.140267	6.637640	11.777907	21.723829
156.6	3.194317	8.542520	11.736837	21.702586
156.7	5.632622	6.069763	11.702385	21.683740
156.8	8.928702	2.793495	11.722197	21.667865
156.9	8.452114	3.315502	11.767615	21.652907
157	4.875985	6.899691	11.775676	21.632412
157.1	3.092847	8.643704	11.736550	21.595969
157.2	5.390524	6.314592	11.705116	21.532196
157.3	8.439678	3.283789	11.723467	21.433468
157.4	8.079627	3.684227	11.763854	21.300703
157.5	5.034644	6.735178	11.769822	21.146166
157.6	3.657105	8.078237	11.735342	20.992743
157.7	5.708632	6.002397	11.711030	20.869265
157.8	8.013138	3.717935	11.731073	20.802916
157.9	7.147465	4.617833	11.765297	20.810984
158	4.374610	7.388724	11.763334	20.894734
158.1	3.804555	7.922517	11.727072	21.037729
158.2	6.451619	5.256648	11.708267	21.209551
158.3	8.686851	3.047922	11.734773	21.374096
158.4	7.337455	4.432766	11.770220	21.499961
158.5	4.223308	7.541547	11.764855	21.569554
158.6	3.654455	8.071627	11.726082	21.583848
158.7	6.364079	5.344451	11.708529	21.561083
158.8	8.467959	3.268803	11.736762	21.529722
158.9	6.995514	4.774337	11.769851	21.518046
159	4.180251	7.578938	11.759189	21.543973
159.1	4.317274	7.401515	11.718789	21.608730
159.2	7.511620	4.195748	11.707368	21.696729
159.3	9.258847	2.486020	11.744867	21.781794
159.4	6.745706	5.035179	11.780885	21.837619
159.5	3.117474	8.645438	11.762912	21.848707
159.6	3.437391	8.274288	11.711679	21.817714
159.7	7.619204	4.077289	11.696493	21.766288
159.8	10.202463	1.537933	11.740396	21.728730
159.9	7.661615	4.123913	11.785528	21.740394
160	3.367386	8.402723	11.770109	21.824723
160.1	3.167974	8.546133	11.714107	21.983527
160.2	7.367754	4.326682	11.694435	22.194135
160.3	10.124461	1.615595	11.740055	22.414841
160.4	7.376536	4.413313	11.789849	22.597185
160.5	2.605152	9.168833	11.773984	22.701201
160.6	2.353527	9.356919	11.710446	22.708609
160.7	7.309918	4.374010	11.683928	22.629454
160.8	11.078632	0.653615	11.732248	22.499805
160.9	8.590304	3.202936	11.793240	22.371083
161	2.969681	8.816574	11.786256	22.294366
161.1	1.505029	10.215350	11.720380	22.304750
161.2	5.972962	5.710152	11.683114	22.410780
161.3	10.290323	1.433026	11.723349	22.592319
161.4	8.695952	3.089902	11.785854	22.807361
161.5	3.469168	8.316827	11.785996	23.005367
161.6	1.780544	9.943551	11.724095	23.142598
161.7	5.940936	5.743867	11.684802	23.194420
161.8	10.253496	1.468682	11.722178	23.160741
161.9	8.747524	3.038502	11.786026	23.063214
162	3.329993	8.459453	11.789446	22.935691
162.1	1.294217	10.432279	11.726497	22.811645
162.2	5.505609	6.175246	11.680855	22.713127
162.3	10.494276	1.219331	11.713606	22.645027
162.4	9.729604	2.051758	11.781362	22.596334
162.5	4.301183	7.493456	11.794640	22.547440
162.6	1.390770	10.346532	11.737302	22.480376
162.7	4.683980	7.002699	11.686679	22.387861
162.8	9.610493	2.098450	11.708943	22.277629
162.9	9.644515	2.127123	11.771638	22.170359
163	5.019103	6.770613	11.789716	22.091994
163.1	2.182871	9.557607	11.740478	22.063362
163.2	4.977626	6.714465	11.692091	22.091075
163.3	9.556666	2.153131	11.709797	22.163230
163.4	9.737255	2.031399	11.768654	22.251700
163.5	5.332479	6.456917	11.789396	22.320409
163.6	2.238852	9.506908	11.745760	22.336784
163.7	4.427982	7.269511	11.697492	22.282393
163.8	8.799078	2.908535	11.707614	22.159060
163.9	9.617498	2.141453	11.758951	21.988301
164	6.191916	5.589515	11.781431	21.804286
164.1	3.408947	8.339455	11.748401	21.642798
164.2	4.816596	6.892722	11.709318	21.529991
164.3	7.975174	3.742842	11.718017	21.474797
164.4	8.227160	3.531899	11.759059	21.467437
164.5	5.286423	6.486257	11.772680	21.484334
164.6	3.452298	8.287482	11.739780	21.497456
164.7	5.413764	6.293583	11.707347	21.484640
164.8	8.477397	3.243682	11.721079	21.437185
164.9	8.410630	3.350924	11.761554	21.362131
165	5.353987	6.418710	11.772697	21.278570
165.1	3.512757	8.227896	11.740653	21.209580
165.2	5.210445	6.501371	11.711816	21.172859
165.3	7.749275	3.976866	11.726141	21.173606
165.4	7.407349	4.353717	11.761066	21.202283
165.5	4.779388	6.985550	11.764938	21.238116
165.6	3.852848	7.878697	11.731545	21.257072
165.7	6.182372	5.526985	11.709357	21.241421
165.8	8.528818	3.203218	11.732036	21.187416
165.9	7.422827	4.346219	11.769046	21.108260
166	4.216996	7.550636	11.767632	21.031142
166.1	3.356629	8.371349	11.727978	20.989208
166.2	6.147050	5.557699	11.704749	21.011034
166.3	8.799118	2.931760	11.730878	21.111047
166.4	7.663532	4.106664	11.770196	21.284004
166.5	4.397386	7.369767	11.767153	21.505335
166.6	3.705350	8.020154	11.725504	21.737238
166.7	6.668816	5.035830	11.704646	21.938629
166.8	9.062871	2.673315	11.736186	22.075915
166.9	7.259749	4.517280	11.777029	22.131436
167	3.568108	8.199491	11.767599	22.107266
167.1	3.303075	8.413757	11.716832	22.023577
167.2	7.321787	4.372246	11.694033	21.912409
167.3	10.416994	1.317273	11.734267	21.808948
167.4	8.209866	3.576663	11.786529	21.742896
167.5	3.329553	8.450273	11.779826	21.732240
167.6	2.195264	9.525271	11.720535	21.780752
167.7	6.408068	5.278983	11.687051	21.879337
167.8	10.405289	1.319760	11.725050	22.010303
167.9	8.825042	2.959158	11.784200	22.152919
168	3.787109	7.997418	11.784527	22.288638
168.1	2.131123	9.593798	11.724921	22.404687
168.2	6.156715	5.529513	11.686228	22.495486
168.3	10.384367	1.337987	11.722355	22.561997
168.4	8.892304	2.893605	11.785909	22.609654
168.5	3.427638	8.362975	11.790612	22.645710
168.6	1.240474	10.487506	11.727980	22.676781
168.7	5.384702	6.295747	11.680449	22.707134
168.8	10.511101	1.200486	11.711586	22.737962
168.9	9.914718	1.865777	11.780494	22.767623
169	4.448988	7.347185	11.796173	22.792664
169.1	1.343106	10.396094	11.739199	22.809301
169.2	4.519318	7.167734	11.687052	22.814984
169.3	9.434844	2.274420	11.709264	22.809645
169.4	9.336200	2.437912	11.774112	22.796224
169.5	4.413566	7.378902	11.792468	22.780217
169.6	1.488101	10.250725	11.738826	22.768203
169.7	4.713571	6.972134	11.685705	22.765601
169.8	9.903353	1.802060	11.705413	22.774268
169.9	10.138192	1.634196	11.772388	22.790733
170	5.060119	6.737563	11.797682	22.805827
170.1	1.344112	10.404147	11.748259	22.806177
170.2	3.788098	7.902198	11.690296	22.777458
170.3	9.028771	2.670842	11.699613	22.708666
170.4	10.194079	1.567090	11.761169	22.596196
170.5	6.055284	5.736533	11.791817	22.446347
170.6	2.404524	9.348286	11.752810	22.275219
170.7	4.081331	7.618158	11.699489	22.105693
170.8	8.584133	3.119721	11.703854	21.962111
170.9	9.727299	2.030418	11.757717	21.864098
171	6.084387	5.702331	11.786718	21.821364
171.1	2.732518	9.020028	11.752546	21.831122
171.2	4.203584	7.499464	11.703048	21.878999
171.3	8.426360	3.278472	11.704832	21.943183
171.4	9.747254	2.006131	11.753385	22.000509
171.5	6.606567	5.175789	11.782356	22.032517
171.6	3.378330	8.376942	11.755272	22.029555
171.7	4.198520	7.513944	11.712464	21.991710
171.8	7.497906	4.214185	11.712091	21.926494
171.9	8.563517	3.186972	11.750489	21.844391
172	6.181074	5.590221	11.771295	21.754157
172.1	4.042993	7.703477	11.746471	21.659762
172.2	5.256908	6.457162	11.714070	21.560220
172.3	7.927566	3.794315	11.721881	21.452297
172.4	7.998754	3.760145	11.758900	21.334876
172.5	5.157056	6.614514	11.771570	21.212943
172.6	3.346555	8.394006	11.740560	21.099178
172.7	5.177765	6.530939	11.708704	21.011962
172.8	8.184908	3.535704	11.720611	20.970050
172.9	8.254227	3.505353	11.759580	20.985556
173	5.387118	6.384028	11.771147	21.057880
173.1	3.650203	8.089847	11.740050	21.171125
173.2	5.385871	6.325761	11.711632	21.296573
173.3	7.900325	3.826731	11.727056	21.400024
173.4	7.365318	4.398693	11.764011	21.452000
173.5	4.413130	7.354681	11.767811	21.437533
173.6	3.385549	8.344503	11.730052	21.362116
173.7	6.131638	5.571356	11.702994	21.251447
173.8	9.122054	2.604812	11.726865	21.144580
173.9	8.193043	3.578183	11.771226	21.082372
174	4.457865	7.317013	11.774878	21.094816
174.1	2.990694	8.740684	11.731378	21.191440
174.2	5.842792	5.857563	11.700355	21.358048
174.3	9.061715	2.664002	11.725717	21.561052
174.4	8.086745	3.686221	11.772965	21.758104
174.5	4.207396	7.567654	11.775050	21.911512
174.6	2.980294	8.745951	11.726246	21.999973
174.7	6.496282	5.197122	11.693404	22.024619
174.8	10.160505	1.564555	11.725060	22.007330
174.9	8.768141	3.013565	11.781706	21.981923
175	3.807759	7.978341	11.786099	21.981339
175.1	1.824034	9.904778	11.728812	22.025363
175.2	5.673104	6.011572	11.684677	22.113287
175.3	10.441578	1.272170	11.713748	22.224189
175.4	9.824131	1.954796	11.778927	22.324836
175.5	4.590935	7.202733	11.793667	22.382453
175.6	1.673252	10.064830	11.738082	22.377849
175.7	4.906890	6.779916	11.686805	22.314119
175.8	9.843483	1.865630	11.709113	22.217632
175.9	9.718767	2.056268	11.775035	22.130665
176	4.616167	7.178877	11.795044	22.097965
176.1	1.427740	10.313256	11.740996	22.151696
176.2	4.565594	7.119495	11.685089	22.299889
176.3	9.923887	1.779300	11.703187	22.522403
176.4	10.305098	1.467152	11.772250	22.775898
176.5	5.078730	6.721775	11.800504	23.006309
176.6	1.079644	10.670645	11.750288	23.164774
176.7	3.510255	8.178147	11.688401	23.221848
176.8	9.049957	2.646445	11.696402	23.175450
176.9	10.374505	1.387370	11.761875	23.050128
177	5.934157	5.862370	11.796527	22.888182
177.1	1.858305	9.897121	11.755426	22.735814
177.2	3.571434	8.124706	11.696140	22.629038
177.3	8.537666	3.161653	11.699319	22.583932
177.4	9.858385	1.901199	11.759584	22.594136
177.5	5.700129	6.093910	11.794039	22.635901
177.6	1.752852	10.002399	11.755251	22.678381
177.7	3.487756	8.207306	11.695062	22.695211
177.8	8.764974	2.929050	11.694024	22.673191
177.9	10.722137	1.031137	11.753274	22.615211
178	6.924504	4.869863	11.794367	22.536797
178.1	2.458003	9.307004	11.765007	22.458042
178.2	3.015574	8.691429	11.707003	22.394341
178.3	7.458652	4.238560	11.697212	22.349621
178.4	9.712483	2.032094	11.744577	22.314723
178.5	7.063513	4.718554	11.782067	22.271504
178.6	3.527391	8.232756	11.760147	22.201006
178.7	4.047301	7.664839	11.712140	22.092469
178.8	7.762788	3.942224	11.705012	21.949596
178.9	9.459578	2.287504	11.747082	21.791470
179	6.856775	4.922589	11.779364	21.647533
179.1	3.587759	8.170885	11.758644	21.548199
179.2	4.016435	7.699028	11.715463	21.514368
179.3	7.303806	4.405279	11.709085	21.549562
179.4	8.840551	2.904844	11.745395	21.637551
179.5	6.736247	5.035540	11.771786	21.746432
179.6	4.218879	7.533883	11.752762	21.837911
179.7	4.829641	6.888730	11.718371	21.878696
179.8	7.420118	4.298919	11.719038	21.850256
179.9	7.987676	3.765420	11.753096	21.753753
180	5.556009	6.214046	11.770055	21.608660
180.1	3.626855	8.116971	11.743826	21.445742
180.2	5.131621	6.579320	11.710941	21.296947
180.3	8.116259	3.602709	11.718967	21.185703
180.4	8.387679	3.370513	11.758192	21.120833
180.5	5.452287	6.321796	11.774084	21.095906
180.6	3.314061	8.429946	11.744007	21.093908
180.7	4.894260	6.815666	11.709925	21.095245
180.8	7.899170	3.820621	11.719791	21.086063
180.9	8.035980	3.723468	11.759448	21.063827
181	5.121670	6.650179	11.771849	21.038275
181.1	3.417056	8.320984	11.738040	21.027488
181.2	5.565950	6.139762	11.705711	21.050643
181.3	8.656075	3.066757	11.722832	21.120091
181.4	8.159579	3.608543	11.768122	21.235639
181.5	4.433167	7.344677	11.777845	21.383068
181.6	2.561869	9.173007	11.734876	21.537458
181.7	5.413906	6.282069	11.695975	21.670245
181.8	9.429894	2.285748	11.715642	21.757711
181.9	9.244075	2.525368	11.769442	21.788192
182	5.055545	6.729114	11.784659	21.765757
182.1	2.547126	9.192548	11.739674	21.709279
182.2	5.177253	6.518493	11.695745	21.647278
182.3	9.315846	2.398551	11.714397	21.610151
182.4	9.102632	2.668917	11.771548	21.622094
182.5	4.598611	7.189299	11.787910	21.694962
182.6	1.983478	9.754060	11.737538	21.825580
182.7	5.203639	6.482917	11.686556	21.996990
182.8	10.324279	1.381490	11.705769	22.182996
182.9	10.518901	1.254351	11.773252	22.354598
183	5.252877	6.547663	11.800540	22.486597
183.1	1.248667	10.501735	11.750402	22.562828
183.2	3.677013	8.011199	11.688211	22.579012
183.3	9.261007	2.434825	11.695832	22.542870
183.4	10.606922	1.155360	11.762282	22.471789
183.5	6.046753	5.751611	11.798364	22.388771
183.6	1.805486	9.950858	11.756345	22.317595
183.7	3.581634	8.112190	11.693824	22.278187
183.8	8.879436	2.816286	11.695722	22.283015
183.9	10.416854	1.342754	11.759608	22.335141
184	5.990468	5.808608	11.799076	22.428216
184.1	1.476694	10.283722	11.760416	22.548379
184.2	2.930913	8.764095	11.695008	22.677631
184.3	8.449428	3.240646	11.690074	22.797917
184.4	10.735231	1.016421	11.751652	22.894942
184.5	6.856556	4.940766	11.797322	22.960782
184.6	2.065365	9.701977	11.767342	22.994601
184.7	2.654871	9.048885	11.703756	23.001321
184.8	7.585278	4.106764	11.692042	22.988711
184.9	10.089749	1.656176	11.745926	22.963876
185	6.890880	4.899967	11.790847	22.930369
185.1	2.505358	9.260845	11.766203	22.887010
185.2	2.972703	8.733833	11.706536	22.828893
185.3	7.670830	4.022222	11.693053	22.750301
185.4	10.263793	1.479648	11.743440	22.648469
185.5	7.312375	4.477027	11.789403	22.526735
185.6	2.822931	8.947039	11.769970	22.395674
185.7	2.745860	8.966690	11.712550	22.271481
185.8	7.052308	4.641337	11.693645	22.171802
185.9	10.016039	1.719665	11.735705	22.110252
186	8.002327	3.777796	11.780124	22.091454
186.1	4.084775	7.684418	11.769192	22.108443
186.2	3.523089	8.199364	11.722453	22.143623
186.3	6.642049	5.063429	11.705478	22.173275
186.4	8.799310	2.939312	11.738621	22.174368
186.5	7.063923	4.708329	11.772252	22.131536
186.6	4.147222	7.611624	11.758846	22.041891
186.7	4.340486	7.378257	11.718743	21.916002
186.8	7.424893	4.284394	11.709287	21.774608
186.9	9.080686	2.662946	11.743632	21.642112
187	7.013642	4.759927	11.773569	21.539045
187.1	4.094540	7.663817	11.758357	21.476068
187.2	4.220574	7.500609	11.721183	21.451536
187.3	6.885171	4.829481	11.714652	21.453394
187.4	8.096868	3.649059	11.745927	21.464579
187.5	6.182142	5.585767	11.767909	21.469815
187.6	4.128921	7.618996	11.747917	21.461184
187.7	5.156765	6.558439	11.715204	21.440313
187.8	7.916910	3.802122	11.719033	21.416343
187.9	8.298039	3.458764	11.756803	21.400504
188	5.379388	6.396095	11.775483	21.399547
188.1	3.011498	8.734836	11.746335	21.410827
188.2	4.550858	7.156813	11.707671	21.421347
188.3	8.039982	3.673169	11.713150	21.411608
188.4	8.747160	3.009056	11.756216	21.363215
188.5	5.722159	6.055279	11.777438	21.267575
188.6	3.206608	8.540344	11.746952	21.132309
188.7	4.752227	6.955174	11.707401	20.982539
188.8	8.169418	3.545942	11.715360	20.855872
188.9	8.498436	3.262693	11.761129	20.792124
189	5.044516	6.735495	11.780011	20.820872
189.1	2.606997	9.135427	11.742424	20.950958
189.2	4.896532	6.801563	11.698095	21.165724
189.3	9.138030	2.571677	11.709708	21.426017
189.4	9.578935	2.185928	11.764863	21.680466
189.5	5.400910	6.388520	11.789429	21.880042
189.6	2.134346	9.613691	11.748037	21.992305
189.7	4.295846	7.399126	11.694972	22.010727
189.8	9.117247	2.585379	11.702626	21.955954
189.9	10.100939	1.661307	11.762246	21.868533
190	5.836256	5.957109	11.793365	21.795476
190.1	2.087877	9.664509	11.752386	21.775089
190.2	4.071113	7.622579	11.693692	21.825104
190.3	9.250033	2.447769	11.697802	21.938026
190.4	10.571452	1.190118	11.761570	22.085113
190.5	6.000278	5.799625	11.799903	22.227465
190.6	1.484747	10.274750	11.759496	22.330251
190.7	3.132586	8.559545	11.692131	22.375077
190.8	8.968341	2.718793	11.687133	22.366177
190.9	11.408083	0.343947	11.752030	22.328326
191	7.275385	4.526366	11.801750	22.297298
191.1	1.996568	9.775150	11.771718	22.306343
191.2	2.359248	9.344197	11.703444	22.373518
191.3	7.542295	4.145709	11.688004	22.494438
191.4	10.398229	1.345708	11.743937	22.643070
191.5	7.146496	4.647300	11.793796	22.780357
191.6	2.377458	9.392336	11.769794	22.867700
191.7	2.707667	8.997466	11.705133	22.880606
191.8	7.767367	3.920822	11.688189	22.817730
191.9	10.707328	1.035300	11.742627	22.702158
192	7.466996	4.328700	11.795696	22.574423
192.1	2.249024	9.527537	11.776561	22.479605
192.2	1.872965	9.838131	11.711096	22.452871
192.3	6.699078	4.986935	11.686013	22.508266
192.4	10.296747	1.435738	11.732485	22.634410
192.5	8.118323	3.668086	11.786409	22.798349
192.6	3.407650	8.368908	11.776558	22.956058
192.7	2.565425	9.154026	11.719450	23.065898
192.8	6.496827	5.197089	11.693917	23.100542
192.9	9.639436	2.093728	11.733163	23.053570
193	7.707375	4.074354	11.781728	22.938971
193.1	3.452833	8.320295	11.773128	22.784278
193.2	2.751686	8.968223	11.719908	22.620205
193.3	6.587663	5.106789	11.694452	22.470660
193.4	9.855172	1.874718	11.729889	22.346581
193.5	8.363811	3.413355	11.777166	22.245438
193.6	4.349828	7.424096	11.773924	22.156001
193.7	3.179318	8.548829	11.728148	22.066073
193.8	6.071008	5.632451	11.703459	21.969825
193.9	8.794992	2.935562	11.730554	21.871756
194	7.754480	4.013652	11.768132	21.785641
194.1	4.792877	6.970939	11.763816	21.728927
194.2	4.254256	7.472533	11.726789	21.714795
194.3	6.767196	4.944439	11.711635	21.745106
194.4	8.540163	3.199449	11.739612	21.807121
194.5	6.930872	4.838692	11.769563	21.875588
194.6	4.233016	7.524907	11.757922	21.919726
194.7	4.342932	7.378181	11.721113	21.912867
194.8	7.149913	4.561896	11.711809	21.841443
194.9	8.673066	3.070479	11.743545	21.710145
195	6.738613	5.032635	11.771248	21.541359
195.1	4.090536	7.664980	11.755516	21.368936
195.2	4.469981	7.249201	11.719181	21.228263
195.3	7.228738	4.486369	11.715107	21.145843
195.4	8.209886	3.540263	11.750149	21.131752
195.5	5.752973	6.020810	11.773783	21.177311
195.6	3.271453	8.478059	11.749511	21.258559
195.7	4.534098	7.174759	11.708857	21.344216
195.8	8.159244	3.550322	11.709565	21.405408
195.9	9.228509	2.525512	11.754021	21.423992
196	6.065592	5.717176	11.782769	21.396951
196.1	2.774527	8.980992	11.755519	21.335735
196.2	3.759373	7.949040	11.708413	21.261169
196.3	7.630716	4.075211	11.705927	21.195924
196.4	9.028395	2.723140	11.751535	21.157220
196.5	6.040050	5.741308	11.781358	21.152125
196.6	2.960363	8.791944	11.752306	21.176785
196.7	4.365315	7.338443	11.703758	21.219490
196.8	8.567764	3.137247	11.705011	21.266188
196.9	9.684900	2.073320	11.758220	21.306382
197	5.781122	6.010515	11.791637	21.337300
197.1	1.894616	9.861912	11.756528	21.365026
197.2	3.438510	8.258153	11.696662	21.402307
197.3	8.714899	2.977470	11.692369	21.463916
197.4	10.883948	0.867704	11.751652	21.561162
197.5	7.059681	4.736949	11.796629	21.697336
197.6	2.314618	9.452389	11.767006	21.865473
197.7	2.982673	8.719569	11.702242	22.049075
197.8	8.126088	3.563664	11.689752	22.225517
197.9	10.730164	1.016829	11.746994	22.371168
198	7.164833	4.631920	11.796754	22.466872
198.1	2.181936	9.588794	11.770731	22.502426
198.2	2.590509	9.112031	11.702540	22.479075
198.3	8.031815	3.651939	11.683754	22.409512
198.4	11.319698	0.421182	11.740880	22.315475
198.5	8.006306	3.792513	11.798819	22.223469
198.6	2.370397	9.410386	11.780783	22.159486
198.7	1.761691	9.949175	11.710866	22.143751
198.8	6.853964	4.827653	11.681617	22.186531
198.9	10.833771	0.896710	11.730481	22.285881
199	8.529591	3.261390	11.790981	22.427868
199.1	3.196660	8.586375	11.783036	22.589393
199.2	1.964386	9.755340	11.719726	22.743113
199.3	6.243470	5.444036	11.687505	22.863485
199.4	10.015885	1.712811	11.728696	22.932545
199.5	8.123247	3.662443	11.785691	22.943970
199.6	3.214167	8.566427	11.780594	22.904321
199.7	2.033172	9.687471	11.720642	22.830997
199.8	6.244183	5.442939	11.687121	22.747384
199.9	10.236113	1.488760	11.724873	22.676477
200	8.733693	3.049137	11.782830	22.634773
