#time	ekin		epot		etot		chain_length
0	11.740600	0.000000	11.740600	22.000000
0.1	8.912302	3.412198	12.324500	22.306844
0.2	2.987515	9.207412	12.194927	22.555955
0.3	1.552389	9.947814	11.500203	22.706117
0.4	6.176271	4.986902	11.163173	22.743899
0.5	10.483021	1.126175	11.609195	22.686188
0.6	8.800165	3.414996	12.215161	22.573384
0.7	3.648942	8.516235	12.165177	22.455748
0.8	2.124112	9.420748	11.544861	22.377526
0.9	6.245966	4.959781	11.205747	22.364085
1	10.336406	1.268962	11.605368	22.416068
1.1	8.798625	3.400338	12.198963	22.512053
1.2	3.653441	8.535144	12.188585	22.618307
1.3	1.721224	9.875899	11.597123	22.701846
1.4	5.436850	5.783053	11.219902	22.742108
1.5	9.730893	1.813972	11.544865	22.737226
1.6	8.982948	3.130629	12.113577	22.703035
1.7	4.467666	7.697661	12.165327	22.665544
1.8	2.346283	9.315400	11.661683	22.649964
1.9	5.238967	6.067148	11.306115	22.670463
2	8.908045	2.660306	11.568351	22.724420
2.1	8.296651	3.765367	12.062019	22.793204
2.2	4.416135	7.685674	12.101809	22.849064
2.3	2.741361	8.903369	11.644730	22.865508
2.4	5.595936	5.731170	11.327107	22.827340
2.5	9.069912	2.508021	11.577932	22.736693
2.6	8.503764	3.539670	12.043434	22.612926
2.7	4.805817	7.287597	12.093414	22.486430
2.8	3.011227	8.671689	11.682916	22.388587
2.9	5.341985	6.043471	11.385456	22.341404
3	8.404736	3.181865	11.586600	22.350391
3.1	8.125049	3.847915	11.972964	22.403022
3.2	5.304282	6.697813	12.002095	22.473119
3.3	4.157941	7.505450	11.663391	22.529452
3.4	6.211425	5.253070	11.464495	22.545476
3.5	8.278122	3.413381	11.691503	22.506889
3.6	7.217510	4.788191	12.005701	22.414645
3.7	4.526942	7.413388	11.940330	22.282755
3.8	4.187888	7.389469	11.577357	22.132092
3.9	6.886798	4.548400	11.435198	21.982736
4	8.922725	2.803755	11.726480	21.847723
4.1	7.432167	4.613753	12.045920	21.730365
4.2	4.506835	7.434956	11.941791	21.625817
4.3	4.263041	7.301473	11.564514	21.525927
4.4	6.944311	4.517341	11.461651	21.425187
4.5	8.495590	3.298388	11.793978	21.325244
4.6	6.384241	5.701889	12.086130	21.236067
4.7	3.447955	8.443059	11.891014	21.173187
4.8	4.079977	7.366772	11.446749	21.151957
4.9	7.874020	3.504250	11.378270	21.180960
5	9.772206	2.050901	11.823107	21.257069
5.1	6.911727	5.289160	12.200887	21.364118
5.2	2.820178	9.167452	11.987630	21.475936
5.3	2.885008	8.565603	11.450612	21.562940
5.4	7.021017	4.289475	11.310492	21.600316
5.5	9.634575	2.125989	11.760564	21.575192
5.6	7.185191	5.001277	12.186468	21.490595
5.7	3.089215	8.908390	11.997605	21.364940
5.8	3.098287	8.348885	11.447172	21.227257
5.9	7.323458	3.977643	11.301101	21.109609
6	9.909520	1.874169	11.783690	21.038925
6.1	7.042171	5.202680	12.244851	21.030555
6.2	2.402398	9.631462	12.033860	21.085173
6.3	2.384294	9.020913	11.405207	21.189624
6.4	7.342781	3.860036	11.202817	21.321161
6.5	10.834482	0.885626	11.720109	21.453656
6.6	8.166792	4.113396	12.280188	21.564008
6.7	2.818872	9.312563	12.131436	21.637146
6.8	1.915042	9.550746	11.465788	21.668584
6.9	6.673879	4.500425	11.174304	21.664244
7	10.708690	0.942033	11.650723	21.637957
7.1	8.591878	3.662075	12.253953	21.607528
7.2	3.201097	8.965296	12.166392	21.590416
7.3	1.888648	9.610585	11.499233	21.600009
7.4	6.558576	4.591869	11.150445	21.643189
7.5	11.021653	0.576545	11.598198	21.719568
7.6	9.255610	2.997012	12.252623	21.822379
7.7	3.504831	8.737053	12.241884	21.940731
7.8	1.334045	10.243964	11.578008	22.062648
7.9	5.578510	5.559881	11.138391	22.178166
8	10.633896	0.860174	11.494070	22.281678
8.1	9.962593	2.197134	12.159727	22.372897
8.2	4.684488	7.574129	12.258617	22.456071
8.3	1.843430	9.847584	11.691014	22.537586
8.4	4.912390	6.327151	11.239542	22.622612
8.5	9.368514	2.129646	11.498160	22.711847
8.6	9.066490	3.020134	12.086624	22.799556
8.7	4.553123	7.640055	12.193177	22.873820
8.8	2.120337	9.560104	11.680440	22.919318
8.9	5.137066	6.116400	11.253466	22.922072
9	9.536028	1.953161	11.489189	22.874821
9.1	9.423872	2.639528	12.063399	22.781252
9.2	5.006563	7.202564	12.209126	22.657403
9.3	2.132920	9.621348	11.754268	22.529334
9.4	4.340812	6.986318	11.327130	22.427248
9.5	8.317068	3.166647	11.483715	22.377528
9.6	8.695033	3.275202	11.970236	22.394971
9.7	5.333672	6.773611	12.107283	22.477703
9.8	3.171519	8.558299	11.729818	22.606600
9.9	5.206847	6.179528	11.386375	22.749709
10	8.458626	3.098029	11.556655	22.870599
10.1	8.307233	3.686091	11.993324	22.938238
10.2	4.952518	7.132731	12.085249	22.935395
10.3	3.038170	8.671695	11.709866	22.862971
10.4	5.167253	6.220658	11.387910	22.738893
10.5	8.407606	3.142104	11.549710	22.591989
10.6	8.484888	3.466019	11.950907	22.452872
10.7	5.630122	6.406734	12.036856	22.344843
10.8	3.983235	7.735743	11.718978	22.277765
10.9	5.655306	5.817199	11.472505	22.246777
11	7.928368	3.714773	11.643141	22.236013
11.1	7.393309	4.567692	11.961001	22.225735
11.2	4.932610	7.012839	11.945449	22.200108
11.3	4.378275	7.230991	11.609266	22.152716
11.4	6.823330	4.623909	11.447239	22.087845
11.5	8.850433	2.869204	11.719637	22.017188
11.6	7.370551	4.686841	12.057391	21.953449
11.7	4.218817	7.752729	11.971546	21.903533
11.8	3.787727	7.771649	11.559376	21.864212
11.9	6.818123	4.575669	11.393792	21.822255
12	9.143299	2.579067	11.722366	21.759268
12.1	7.418668	4.678989	12.097657	21.659599
12.2	3.934881	8.051151	11.986032	21.518327
12.3	3.590964	7.935326	11.526290	21.346096
12.4	7.001061	4.361813	11.362874	21.168548
12.5	9.390160	2.360548	11.750709	21.019998
12.6	7.130067	5.040521	12.170588	20.933144
12.7	3.006771	9.016785	12.023556	20.928211
12.8	2.690245	8.783099	11.473343	21.005361
12.9	6.935043	4.323237	11.258280	21.143242
13	10.241608	1.449465	11.691073	21.304528
13.1	8.137408	4.070719	12.208127	21.446877
13.2	3.327331	8.787094	12.114425	21.535739
13.3	2.186611	9.345840	11.532451	21.554743
13.4	6.148082	5.103283	11.251365	21.510076
13.5	9.699008	1.957195	11.656203	21.427341
13.6	7.882764	4.308082	12.190847	21.341958
13.7	3.170889	8.936245	12.107134	21.286480
13.8	2.207612	9.289250	11.496862	21.279293
13.9	6.673590	4.516531	11.190121	21.318705
14	10.732809	0.898457	11.631266	21.384559
14.1	8.781575	3.471159	12.252734	21.446765
14.2	3.152954	9.065980	12.218934	21.477671
14.3	1.227441	10.328289	11.555730	21.463722
14.4	5.620194	5.514445	11.134639	21.412048
14.5	10.605383	0.907631	11.513014	21.349373
14.6	9.694889	2.489436	12.184325	21.313350
14.7	4.273748	7.980550	12.254297	21.339217
14.8	1.695290	9.944154	11.639444	21.446415
14.9	5.388614	5.786799	11.175413	21.629991
15	10.284120	1.205262	11.489382	21.860068
15.1	9.692845	2.463524	12.156369	22.089907
15.2	4.346096	7.928163	12.274259	22.270132
15.3	1.423896	10.254920	11.678816	22.364466
15.4	4.911950	6.250765	11.162714	22.361737
15.5	10.264917	1.146218	11.411135	22.280059
15.6	10.485608	1.605017	12.090624	22.161693
15.7	5.390264	6.916161	12.306425	22.060161
15.8	1.695925	10.100349	11.796273	22.023803
15.9	4.012309	7.244632	11.256940	22.081055
16	8.908327	2.483258	11.391585	22.232147
16.1	9.801497	2.180556	11.982053	22.449715
16.2	5.789366	6.430169	12.219535	22.687857
16.3	2.535359	9.272572	11.807931	22.896430
16.4	4.360107	6.976414	11.336521	23.035815
16.5	8.490262	2.959103	11.449365	23.087432
16.6	9.111674	2.860854	11.972528	23.056930
16.7	5.391840	6.786205	12.178045	22.969580
16.8	2.477118	9.312603	11.789721	22.860006
16.9	4.338026	7.007068	11.345094	22.760137
17	8.412849	3.030759	11.443608	22.689609
17.1	9.246836	2.688421	11.935257	22.651650
17.2	5.905961	6.244487	12.150448	22.635373
17.3	3.015255	8.807349	11.822605	22.623025
17.4	4.280514	7.146467	11.426981	22.599078
17.5	7.585094	3.914253	11.499346	22.557545
17.6	8.236841	3.667481	11.904322	22.504791
17.7	5.552255	6.503233	12.055488	22.456925
17.8	3.593680	8.153509	11.747189	22.432932
17.9	5.281291	6.146185	11.427476	22.446311
18	8.294319	3.257709	11.552029	22.498467
18.1	8.427730	3.516959	11.944689	22.576430
18.2	5.523646	6.533286	12.056932	22.655822
18.3	3.617287	8.125660	11.742947	22.708087
18.4	5.220175	6.233260	11.453435	22.709430
18.5	7.888268	3.699061	11.587328	22.648361
18.6	7.850653	4.079775	11.930428	22.529261
18.7	5.416980	6.558279	11.975259	22.370823
18.8	4.419855	7.238437	11.658292	22.200030
18.9	6.530061	4.925398	11.455459	22.043842
19	8.677413	3.014075	11.691488	21.921435
19.1	7.430528	4.619209	12.049736	21.839525
19.2	4.158315	7.844516	12.002830	21.792114
19.3	3.424841	8.150490	11.575332	21.764373
19.4	6.572994	4.774502	11.347496	21.738997
19.5	9.522406	2.133957	11.656363	21.702608
19.6	8.202601	3.897721	12.100322	21.649949
19.7	4.282241	7.786838	12.069079	21.584570
19.8	3.079019	8.514806	11.593826	21.516068
19.9	6.250017	5.078921	11.328939	21.455197
20	9.345371	2.310031	11.655402	21.408893
20.1	7.862338	4.271239	12.133577	21.377155
20.2	3.618005	8.470612	12.088618	21.352970
20.3	2.487144	9.063915	11.551059	21.325267
20.4	6.315225	4.932551	11.247775	21.283748
20.5	10.092669	1.525073	11.617742	21.223771
20.6	8.572639	3.614215	12.186854	21.149441
20.7	3.525952	8.658611	12.184562	21.073698
20.8	1.610942	9.982069	11.593010	21.015258
20.9	5.459141	5.736455	11.195596	20.993318
21	10.000059	1.529306	11.529365	21.021655
21.1	9.185156	2.964650	12.149806	21.103961
21.2	4.155028	8.065381	12.220408	21.231817
21.3	1.743797	9.901899	11.645697	21.385904
21.4	5.220970	5.988083	11.209053	21.540114
21.5	9.800393	1.711920	11.512312	21.667410
21.6	9.115649	3.033133	12.148782	21.745937
21.7	3.963600	8.279942	12.243542	21.763874
21.8	1.384863	10.259013	11.643876	21.721969
21.9	5.161683	5.983343	11.145026	21.633313
22	10.540567	0.887831	11.428398	21.520542
22.1	10.438006	1.698180	12.136187	21.411191
22.2	4.908544	7.428852	12.337396	21.332196
22.3	1.151502	10.617390	11.768892	21.304651
22.4	3.984791	7.201216	11.186008	21.339821
22.5	9.515090	1.837070	11.352160	21.437141
22.6	10.430186	1.595309	12.025495	21.584613
22.7	5.745801	6.551702	12.297503	21.761546
22.8	1.957017	9.858672	11.815689	21.943136
22.9	4.196399	7.047166	11.243564	22.105941
23	9.381179	1.973315	11.354494	22.233022
23.1	10.477609	1.516984	11.994593	22.317487
23.2	5.980452	6.323992	12.304443	22.363478
23.3	1.841378	10.037258	11.878637	22.384228
23.4	3.430768	7.863350	11.294117	22.397651
23.5	8.473383	2.844762	11.318146	22.420646
23.6	10.312388	1.576044	11.888432	22.463809
23.7	6.823103	5.407580	12.230683	22.528208
23.8	2.939251	8.976752	11.916003	22.605326
23.9	3.719624	7.691431	11.411055	22.680291
24	7.631376	3.775237	11.406613	22.737405
24.1	9.022368	2.854914	11.877282	22.766132
24.2	6.021935	6.128380	12.150315	22.765423
24.3	2.940949	8.908874	11.849823	22.744721
24.4	4.127630	7.273756	11.401386	22.721052
24.5	7.965570	3.459705	11.425276	22.712981
24.6	9.212334	2.669846	11.882179	22.733422
24.7	6.233681	5.911381	12.145062	22.783847
24.8	3.115388	8.754508	11.869895	22.852132
24.9	3.943903	7.507373	11.451276	22.915155
25	7.318416	4.137453	11.455868	22.945636
25.1	8.548956	3.296349	11.845305	22.921169
25.2	6.207049	5.853248	12.060297	22.832487
25.3	3.864532	7.951757	11.816289	22.688041
25.4	4.846007	6.638553	11.484560	22.513100
25.5	7.574602	3.969584	11.544186	22.343338
25.6	8.002976	3.897074	11.900050	22.214745
25.7	5.495592	6.534368	12.029960	22.153027
25.8	3.736462	8.001596	11.738058	22.165911
25.9	5.415678	6.021814	11.437492	22.240886
26	8.315463	3.245875	11.561338	22.349141
26.1	8.410172	3.531243	11.941415	22.454370
26.2	5.594282	6.448043	12.042325	22.523515
26.3	3.863358	7.860297	11.723656	22.535898
26.4	5.626062	5.819431	11.445493	22.487807
26.5	8.231909	3.381874	11.613784	22.391244
26.6	7.758814	4.230729	11.989542	22.267633
26.7	4.760952	7.254855	12.015807	22.139022
26.8	3.685056	7.935695	11.620750	22.020153
26.9	6.517120	4.837049	11.354169	21.914327
27	9.604636	2.022969	11.627605	21.814464
27.1	8.472189	3.633803	12.105992	21.708743
27.2	4.205991	7.926453	12.132444	21.588375
27.3	2.367903	9.270271	11.638174	21.454209
27.4	5.519848	5.754355	11.274204	21.319262
27.5	9.524899	2.015773	11.540672	21.205810
27.6	8.977326	3.110565	12.087891	21.137812
27.7	4.589219	7.581571	12.170790	21.131360
27.8	2.359681	9.307242	11.666922	21.186815
27.9	5.409459	5.854480	11.263939	21.285908
28	9.566428	1.963815	11.530244	21.395406
28.1	8.935829	3.186116	12.121945	21.476612
28.2	4.052846	8.175084	12.227929	21.497737
28.3	1.416421	10.258881	11.675302	21.444927
28.4	4.767254	6.422809	11.190062	21.327999
28.5	9.856321	1.574591	11.430912	21.178565
28.6	9.975101	2.114694	12.089795	21.040818
28.7	4.960982	7.329383	12.290365	20.957827
28.8	1.493855	10.271808	11.765663	20.957822
28.9	4.148827	7.075527	11.224354	21.045099
29	9.232534	2.164902	11.397436	21.198670
29.1	9.785442	2.261666	12.047109	21.379192
29.2	5.041735	7.242738	12.284473	21.541853
29.3	1.521415	10.253970	11.775385	21.650871
29.4	4.196572	7.005947	11.202518	21.690650
29.5	9.656103	1.692762	11.348865	21.669853
29.6	10.587268	1.447462	12.034730	21.617062
29.7	5.620745	6.727011	12.347756	21.569680
29.8	1.275434	10.588656	11.864090	21.560059
29.9	3.321655	7.897687	11.219342	21.603794
30	9.111066	2.150514	11.261580	21.694349
30.1	11.119391	0.805402	11.924793	21.805912
30.2	6.906291	5.422993	12.329283	21.903446
30.3	2.187479	9.772354	11.959833	21.956340
30.4	3.079478	8.255750	11.335228	21.950750
30.5	8.052922	3.236390	11.289312	21.896161
30.6	10.272935	1.581831	11.854766	21.823666
30.7	6.897408	5.350600	12.248007	21.776402
30.8	2.723070	9.220936	11.944006	21.795266
30.9	3.486959	7.884905	11.371864	21.904754
31	8.111443	3.199270	11.310713	22.103725
31.1	10.320853	1.513470	11.834323	22.364286
31.2	7.180581	5.052707	12.233288	22.639219
31.3	2.905806	9.082081	11.987886	22.875571
31.4	3.010293	8.441783	11.452076	23.029975
31.5	6.979226	4.363902	11.343128	23.080811
31.6	9.307252	2.461994	11.769246	23.033450
31.7	7.114029	5.006360	12.120390	22.917177
31.8	3.794880	8.135197	11.930077	22.775167
31.9	3.998354	7.500356	11.498710	22.651028
32	7.185441	4.257083	11.442524	22.576361
32.1	8.633317	3.196200	11.829516	22.563169
32.2	6.192586	5.911445	12.104031	22.603101
32.3	3.256529	8.620490	11.877019	22.673092
32.4	3.937459	7.526549	11.464008	22.744914
32.5	7.338049	4.095229	11.433278	22.795029
32.6	8.876434	2.938778	11.815212	22.811378
32.7	6.655051	5.421020	12.076071	22.795133
32.8	3.933653	7.938481	11.872134	22.757389
32.9	4.410486	7.105901	11.516387	22.712626
33	7.096856	4.419350	11.516206	22.671765
33.1	7.948524	3.904377	11.852901	22.637606
33.2	5.761513	6.261137	12.022650	22.604265
33.3	3.870854	7.897626	11.768480	22.560634
33.4	5.267422	6.186626	11.454048	22.496266
33.5	8.169840	3.373778	11.543617	22.407196
33.6	8.464643	3.463469	11.928113	22.299292
33.7	5.617898	6.447344	12.065242	22.187702
33.8	3.594211	8.155202	11.749413	22.092473
33.9	5.307668	6.111968	11.419635	22.031884
34	8.396736	3.152679	11.549415	22.015867
34.1	8.448421	3.517847	11.966268	22.041905
34.2	5.295693	6.779972	12.075666	22.094890
34.3	3.440636	8.260981	11.701617	22.151041
34.4	5.742052	5.620313	11.362365	22.184590
34.5	9.141974	2.418216	11.560190	22.175024
34.6	8.694733	3.360182	12.054915	22.112571
34.7	4.590173	7.568504	12.158677	22.000287
34.8	2.302882	9.384219	11.687101	21.852292
34.9	5.230241	6.024126	11.254368	21.689011
35	9.768308	1.693561	11.461869	21.531143
35.1	9.866047	2.196045	12.062092	21.394396
35.2	5.198244	7.062570	12.260814	21.286531
35.3	1.819035	9.965446	11.784481	21.207380
35.4	4.128389	7.138850	11.267239	21.151397
35.5	8.903164	2.502484	11.405648	21.111520
35.6	9.602552	2.407524	12.010075	21.082778
35.7	5.261773	6.989416	12.251189	21.064360
35.8	1.879308	9.908339	11.787647	21.059525
35.9	4.259170	6.986001	11.245171	21.073572
36	9.326614	2.050111	11.376725	21.110777
36.1	10.135167	1.894035	12.029203	21.171491
36.2	5.309757	7.019033	12.328790	21.250498
36.3	1.116952	10.739048	11.856001	21.337225
36.4	3.172649	8.053189	11.225838	21.417775
36.5	8.861932	2.412231	11.274163	21.478198
36.6	10.746757	1.188632	11.935389	21.508063
36.7	6.475704	5.851132	12.326835	21.503360
36.8	1.888181	10.044964	11.933145	21.468001
36.9	3.128059	8.168198	11.296258	21.413537
37	8.393860	2.886411	11.280271	21.357149
37.1	10.438238	1.465940	11.904179	21.318295
37.2	6.413427	5.904735	12.318162	21.314670
37.3	1.754348	10.198689	11.953037	21.358232
37.4	2.863515	8.426355	11.289870	21.452105
37.5	8.470507	2.743683	11.214189	21.589069
37.6	11.289006	0.540300	11.829306	21.752144
37.7	7.706150	4.617497	12.323647	21.917427
37.8	2.503843	9.554527	12.058370	22.058852
37.9	2.405227	9.001512	11.406739	22.154033
38	7.226602	4.006557	11.233159	22.189897
38.1	10.405196	1.332219	11.737414	22.166649
38.2	7.906315	4.311768	12.218083	22.098787
38.3	3.411885	8.628213	12.040098	22.012550
38.4	3.048558	8.427364	11.475922	21.940073
38.5	7.096400	4.205843	11.302243	21.911549
38.6	9.874764	1.863366	11.738130	21.947422
38.7	7.630252	4.542868	12.173121	22.052828
38.8	3.520097	8.500847	12.020944	22.216020
38.9	3.101329	8.406365	11.507694	22.411433
39	6.768239	4.566786	11.335025	22.606627
39.1	9.444429	2.272026	11.716455	22.771148
39.2	7.639248	4.473872	12.113120	22.884607
39.3	4.028146	7.968795	11.996941	22.941487
39.4	3.489340	8.073292	11.562632	22.951164
39.5	6.386157	5.036830	11.422987	22.933203
39.6	8.375220	3.372733	11.747953	22.909545
39.7	6.687439	5.364735	12.052175	22.896315
39.8	3.927083	7.972060	11.899143	22.898123
39.9	4.200285	7.313443	11.513728	22.906890
40	7.221275	4.230099	11.451375	22.905665
40.1	8.727174	3.080830	11.808004	22.876074
40.2	6.523061	5.563803	12.086864	22.806702
40.3	3.585695	8.314456	11.900152	22.699264
40.4	3.892265	7.618490	11.510756	22.570100
40.5	6.899180	4.556868	11.456048	22.446178
40.6	8.418080	3.374833	11.792912	22.356713
40.7	6.556391	5.473584	12.029975	22.323207
40.8	4.278821	7.555864	11.834685	22.351377
40.9	5.015015	6.491160	11.506175	22.427949
41	7.651041	3.888752	11.539792	22.523689
41.1	8.128300	3.775263	11.903563	22.601892
41.2	5.424455	6.642591	12.067046	22.629635
41.3	3.298987	8.461346	11.760333	22.588053
41.4	5.067990	6.319724	11.387713	22.478184
41.5	8.682645	2.799533	11.482178	22.320374
41.6	9.275596	2.668154	11.943750	22.147468
41.7	5.920604	6.225082	12.145685	21.994121
41.8	3.150289	8.647571	11.797860	21.885917
41.9	4.810222	6.562624	11.372847	21.831978
42	8.612532	2.858010	11.470543	21.823492
42.1	9.131234	2.843432	11.974666	21.838444
42.2	5.376634	6.807582	12.184216	21.850603
42.3	2.448704	9.328462	11.777166	21.839353
42.4	4.650803	6.635581	11.286385	21.796710
42.5	9.342180	2.055102	11.397282	21.728979
42.6	10.194592	1.802876	11.997468	21.652615
42.7	5.766067	6.526214	12.292281	21.586022
42.8	1.733596	10.135743	11.869339	21.540660
42.9	3.443181	7.834072	11.277253	21.515099
43	8.658878	2.648073	11.306950	21.494591
43.1	10.423507	1.500231	11.923738	21.456618
43.2	6.372770	5.927958	12.300728	21.380526
43.3	1.960723	9.968828	11.929550	21.257647
43.4	3.125270	8.187733	11.313003	21.097884
43.5	8.232813	3.057800	11.290613	20.929853
43.6	10.252041	1.646344	11.898385	20.793905
43.7	6.309115	6.001263	12.310377	20.729954
43.8	1.688066	10.266350	11.954415	20.764090
43.9	2.753610	8.542851	11.296462	20.898603
44	8.286905	2.936048	11.222953	21.109127
44.1	10.988816	0.856282	11.845098	21.350276
44.2	7.229738	5.110484	12.340221	21.568293
44.3	1.947967	10.103472	12.051439	21.716756
44.4	2.077564	9.289705	11.367269	21.770270
44.5	7.321962	3.875454	11.197416	21.731639
44.6	10.646265	1.107189	11.753454	21.630145
44.7	7.754877	4.520721	12.275598	21.511526
44.8	2.768971	9.295156	12.064127	21.423033
44.9	2.541399	8.875852	11.417252	21.398548
45	7.385076	3.831783	11.216859	21.448680
45.1	10.716353	1.018566	11.734918	21.558990
45.2	7.985635	4.287947	12.273582	21.696691
45.3	2.792310	9.318550	12.110859	21.823258
45.4	2.024723	9.440600	11.465323	21.908429
45.5	6.684209	4.505601	11.189810	21.940696
45.6	10.688029	0.941413	11.629442	21.930726
45.7	9.037043	3.147605	12.184648	21.906678
45.8	4.254237	7.883284	12.137521	21.903257
45.9	2.668692	8.930408	11.599100	21.948507
46	5.916244	5.398735	11.314979	22.053069
46.1	9.145123	2.494210	11.639333	22.205710
46.2	7.946928	4.139518	12.086446	22.376670
46.3	4.268231	7.765318	12.033549	22.527633
46.4	3.397132	8.176714	11.573846	22.624830
46.5	6.540078	4.817728	11.357806	22.650720
46.6	9.291653	2.388863	11.680516	22.610268
46.7	7.857201	4.231959	12.089160	22.529698
46.8	4.231290	7.796727	12.028017	22.448212
46.9	3.282307	8.318895	11.601202	22.405503
47	6.027503	5.376390	11.403893	22.429230
47.1	8.450797	3.236344	11.687141	22.526520
47.2	7.262264	4.766963	12.029227	22.682067
47.3	4.386194	7.562978	11.949172	22.863187
47.4	4.014319	7.565511	11.579830	23.029858
47.5	6.597273	4.863229	11.460502	23.146316
47.6	8.300510	3.461730	11.762240	23.190485
47.7	6.573423	5.474868	12.048291	23.158509
47.8	3.837380	8.064037	11.901417	23.063465
47.9	4.048250	7.473565	11.521815	22.929317
48	7.035614	4.410442	11.446056	22.782624
48.1	8.682525	3.102586	11.785111	22.644987
48.2	6.728254	5.334718	12.062972	22.528590
48.3	3.975911	7.913423	11.889333	22.435854
48.4	4.319817	7.195778	11.515596	22.362586
48.5	7.195696	4.284409	11.480105	22.302836
48.6	8.374906	3.462214	11.837120	22.253213
48.7	6.064759	6.002707	12.067466	22.214882
48.8	3.630581	8.185838	11.816419	22.192573
48.9	4.878049	6.543144	11.421193	22.191229
49	8.432876	3.025326	11.458202	22.211878
49.1	9.339428	2.579155	11.918583	22.248643
49.2	5.983767	6.195914	12.179680	22.288339
49.3	2.694741	9.160549	11.855290	22.313072
49.4	4.038882	7.320245	11.359127	22.305095
49.5	8.426819	2.941252	11.368072	22.252294
49.6	10.008773	1.879999	11.888772	22.152376
49.7	6.598951	5.620965	12.219916	22.014281
49.8	2.822598	9.077673	11.900271	21.856256
49.9	3.913871	7.444448	11.358319	21.701164
50	8.448822	2.898890	11.347712	21.570496
50.1	10.084734	1.824944	11.909678	21.478917
50.2	6.223684	6.062656	12.286340	21.430950
50.3	1.833962	10.105034	11.938996	21.420622
50.4	2.946785	8.355583	11.302368	21.433980
50.5	8.407488	2.819432	11.226920	21.453480
50.6	11.141847	0.692174	11.834020	21.462855
50.7	7.501866	4.830308	12.332174	21.451035
50.8	2.204249	9.861544	12.065794	21.414184
50.9	2.109104	9.286376	11.395479	21.355585
51	7.096330	4.120463	11.216793	21.283756
51.1	10.302730	1.454291	11.757021	21.209610
51.2	7.414727	4.857629	12.272356	21.143583
51.3	2.474199	9.583266	12.057464	21.093486
51.4	2.346257	9.056856	11.403112	21.063463
51.5	7.342471	3.861090	11.203562	21.054080
51.6	10.725338	1.017081	11.742419	21.063277
51.7	7.811141	4.490047	12.301188	21.087759
51.8	2.371942	9.752408	12.124350	21.124435
51.9	1.648132	9.791314	11.439445	21.171515
52	6.655082	4.499892	11.154974	21.229047
52.1	10.819706	0.824106	11.643812	21.298715
52.2	8.755074	3.494766	12.249840	21.382887
52.3	3.371046	8.802603	12.173649	21.483063
52.4	1.854363	9.682580	11.536943	21.598046
52.5	6.052791	5.147626	11.200417	21.722416
52.6	10.182716	1.417824	11.600539	21.845907
52.7	8.751458	3.427770	12.179227	21.954279
52.8	3.877845	8.277613	12.155458	22.031870
52.9	2.249683	9.325418	11.575101	22.065540
53	6.053673	5.174049	11.227722	22.049094
53.1	10.162197	1.409614	11.571811	21.986864
53.2	9.157600	2.976015	12.133614	21.895057
53.3	4.522598	7.645601	12.168199	21.799912
53.4	2.416059	9.241278	11.657337	21.732566
53.5	5.357012	5.942962	11.299974	21.721590
53.6	9.133611	2.416061	11.549671	21.785104
53.7	8.788784	3.239254	12.028038	21.924815
53.8	5.220468	6.861143	12.081611	22.124044
53.9	3.531305	8.145206	11.676511	22.350769
54	5.823948	5.581495	11.405443	22.565264
54.1	8.521873	3.118932	11.640805	22.730391
54.2	7.645773	4.384667	12.030440	22.821607
54.3	4.419932	7.595221	12.015153	22.833654
54.4	3.427118	8.189132	11.616250	22.781749
54.5	6.108843	5.284155	11.392998	22.696773
54.6	8.785679	2.866343	11.652022	22.615822
54.7	7.846786	4.180120	12.026907	22.571028
54.8	4.719031	7.285055	12.004086	22.580177
54.9	3.711817	7.927837	11.639655	22.642065
55	5.934424	5.527143	11.461567	22.738053
55.1	7.900922	3.811254	11.712177	22.839160
55.2	6.670361	5.340243	12.010604	22.916206
55.3	4.104947	7.803085	11.908032	22.949507
55.4	4.157152	7.382306	11.539458	22.934784
55.5	7.072710	4.366089	11.438799	22.883331
55.6	8.850028	2.923484	11.773511	22.816529
55.7	6.863394	5.224705	12.088099	22.756815
55.8	3.717014	8.219225	11.936239	22.718502
55.9	3.739179	7.779577	11.518756	22.701902
56	6.909969	4.506250	11.416220	22.693013
56.1	8.806298	2.967471	11.773769	22.668971
56.2	6.797746	5.287323	12.085069	22.607358
56.3	3.827188	8.072342	11.899530	22.495931
56.4	4.310583	7.160451	11.471034	22.339110
56.5	7.774982	3.644255	11.419236	22.158645
56.6	9.288254	2.562381	11.850635	21.987904
56.7	6.376110	5.798093	12.174203	21.861584
56.8	2.820323	9.087954	11.908277	21.804296
56.9	3.708775	7.669810	11.378585	21.822033
57	8.271595	3.038596	11.310191	21.899551
57.1	10.527250	1.304560	11.831810	22.004709
57.2	7.278655	4.983232	12.261887	22.098348
57.3	2.674145	9.338193	12.012338	22.146369
57.4	2.839917	8.562136	11.402053	22.129870
57.5	7.590210	3.660776	11.250986	22.049935
57.6	10.515686	1.256995	11.772682	21.925547
57.7	7.584375	4.682454	12.266829	21.785576
57.8	2.700117	9.355635	12.055751	21.657908
57.9	2.532481	8.879839	11.412320	21.559718
58	7.441988	3.766709	11.208697	21.492450
58.1	10.821877	0.916362	11.738239	21.443243
58.2	7.940582	4.361458	12.302040	21.392097
58.3	2.431453	9.706393	12.137846	21.321916
58.4	1.564851	9.885975	11.450827	21.227416
58.5	6.530388	4.619475	11.149863	21.119288
58.6	10.792317	0.840122	11.632439	21.021744
58.7	8.791129	3.460589	12.251719	20.964081
58.8	3.325759	8.860469	12.186228	20.969238
58.9	1.709618	9.831272	11.540890	21.043612
59	5.920946	5.275159	11.196105	21.172123
59.1	10.035870	1.577858	11.613728	21.320799
59.2	8.349018	3.867046	12.216065	21.446480
59.3	3.143616	9.030228	12.173844	21.510636
59.4	1.597711	9.934562	11.532273	21.492668
59.5	6.038173	5.113996	11.152169	21.398020
59.6	10.727641	0.822122	11.549763	21.258078
59.7	9.510034	2.693100	12.203134	21.121510
59.8	4.007002	8.247068	12.254070	21.039651
59.9	1.399469	10.251778	11.651247	21.050605
60	4.886875	6.314453	11.201329	21.167228
60.1	9.633908	1.846596	11.480504	21.372938
60.2	9.436466	2.645885	12.082351	21.626717
60.3	4.941952	7.252019	12.193971	21.875620
60.4	2.459851	9.232187	11.692038	22.070692
60.5	5.291002	5.988206	11.279208	22.181097
60.6	9.426808	2.084412	11.511220	22.202019
60.7	9.212567	2.843639	12.056207	22.154026
60.8	5.019295	7.152446	12.171741	22.074519
60.9	2.553174	9.162868	11.716042	22.004445
61	5.033557	6.281964	11.315520	21.974948
61.1	9.003464	2.492195	11.495659	21.998374
61.2	9.234567	2.750403	11.984970	22.066411
61.3	5.742056	6.378041	12.120097	22.155545
61.4	3.405634	8.349781	11.755415	22.237503
61.5	5.111942	6.312720	11.424661	22.290706
61.6	8.042136	3.531315	11.573451	22.308615
61.7	7.960914	3.994657	11.955571	22.302083
61.8	5.183013	6.830575	12.013588	22.295066
61.9	3.881448	7.793161	11.674609	22.315409
62	5.985864	5.451590	11.437454	22.384110
62.1	8.436135	3.214099	11.650234	22.506893
62.2	7.606921	4.407043	12.013964	22.671038
62.3	4.523318	7.486974	12.010292	22.848491
62.4	3.446748	8.192296	11.639044	23.004118
62.5	5.855692	5.563769	11.419461	23.106251
62.6	8.359968	3.295757	11.655725	23.136004
62.7	7.497332	4.510600	12.007932	23.092407
62.8	4.610184	7.366066	11.976250	22.991903
62.9	3.885139	7.727249	11.612388	22.862692
63	6.337503	5.109366	11.446869	22.736043
63.1	8.320371	3.408666	11.729037	22.637500
63.2	6.762177	5.296280	12.058457	22.580710
63.3	3.719964	8.225317	11.945281	22.565486
63.4	3.639837	7.879398	11.519235	22.580185
63.5	7.007712	4.365291	11.373003	22.607052
63.6	9.390983	2.342143	11.733125	22.628388
63.7	7.486702	4.632034	12.118735	22.631424
63.8	3.842730	8.151059	11.993788	22.610516
63.9	3.482562	8.040840	11.523402	22.566455
64	6.907409	4.457544	11.364952	22.503751
64.1	9.256322	2.497369	11.753690	22.427394
64.2	7.050545	5.100628	12.151172	22.340555
64.3	3.257375	8.720024	11.977400	22.244131
64.4	3.400020	8.036870	11.436889	22.138098
64.5	7.789695	3.485207	11.274902	22.023877
64.6	10.677664	1.078571	11.756235	21.906420
64.7	7.909287	4.353960	12.263247	21.794918
64.8	2.820230	9.284150	12.104380	21.701518
64.9	2.082645	9.381047	11.463691	21.638334
65	6.778955	4.406005	11.184960	21.613656
65.1	10.762839	0.883033	11.645872	21.628699
65.2	8.773022	3.462934	12.235956	21.676037
65.3	3.509820	8.655712	12.165531	21.740376
65.4	2.052932	9.478423	11.531355	21.801550
65.5	6.319302	4.874778	11.194081	21.838941
65.6	10.433277	1.183899	11.617176	21.836110
65.7	8.658895	3.573455	12.232350	21.784441
65.8	3.233377	8.966822	12.200199	21.684911
65.9	1.452475	10.095743	11.548219	21.547707
66	5.838579	5.306890	11.145469	21.389927
66.1	10.644043	0.893382	11.537425	21.232065
66.2	9.479253	2.729196	12.208449	21.094120
66.3	3.856042	8.413282	12.269324	20.992134
66.4	1.165810	10.480850	11.646660	20.935725
66.5	4.818704	6.356092	11.174795	20.926949
66.6	9.786824	1.685597	11.472421	20.960542
66.7	9.457128	2.663652	12.120779	21.025430
66.8	4.477604	7.764890	12.242493	21.107223
66.9	1.718373	9.967958	11.686332	21.191259
67	4.900436	6.317342	11.217778	21.265642
67.1	9.622242	1.850802	11.473044	21.323635
67.2	9.417099	2.684683	12.101782	21.364803
67.3	4.530670	7.719627	12.250297	21.394515
67.4	1.558670	10.157750	11.716420	21.421821
67.5	4.545744	6.668043	11.213787	21.456194
67.6	9.605945	1.799540	11.405485	21.504072
67.7	10.196109	1.828062	12.024171	21.566334
67.8	5.785047	6.466611	12.251657	21.637676
67.9	2.314644	9.502740	11.817384	21.708315
68	4.123212	7.207101	11.330313	21.767646
68.1	8.370588	3.060134	11.430722	21.808714
68.2	9.243308	2.696836	11.940144	21.831887
68.3	5.870231	6.274654	12.144885	21.846185
68.4	3.188934	8.593728	11.782662	21.867392
68.5	4.947965	6.426322	11.374287	21.913159
68.6	8.654932	2.826945	11.481877	21.996461
68.7	9.218361	2.725479	11.943840	22.119593
68.8	5.963220	6.162030	12.125250	22.270992
68.9	3.348852	8.451213	11.800065	22.426456
69	4.699056	6.737716	11.436772	22.554963
69.1	7.805165	3.718786	11.523951	22.627703
69.2	8.304844	3.597502	11.902347	22.627618
69.3	5.804346	6.217961	12.022308	22.556324
69.4	4.149535	7.581669	11.731204	22.435820
69.5	5.732814	5.739457	11.472271	22.303959
69.6	8.080816	3.552243	11.633059	22.204616
69.7	7.525653	4.459264	11.984917	22.175329
69.8	4.608229	7.403083	12.011313	22.236170
69.9	3.425421	8.227833	11.653253	22.383413
70	5.795829	5.610543	11.406372	22.590122
70.1	8.551561	3.072152	11.623713	22.813637
70.2	7.898232	4.110960	12.009192	23.007685
70.3	4.755080	7.271362	12.026442	23.135332
70.4	3.499053	8.155921	11.654974	23.178693
70.5	5.804225	5.619598	11.423824	23.142424
70.6	8.266099	3.397750	11.663848	23.050064
70.7	7.250035	4.780652	12.030686	22.934739
70.8	4.159672	7.825754	11.985426	22.827540
70.9	3.564352	8.004937	11.569289	22.747642
71	6.650041	4.720096	11.370137	22.697456
71.1	9.259262	2.439573	11.698834	22.664274
71.2	7.566801	4.556719	12.123520	22.627481
71.3	3.626214	8.418217	12.044431	22.568432
71.4	2.841312	8.697412	11.538724	22.479148
71.5	6.531065	4.757529	11.288594	22.366496
71.6	9.859473	1.792850	11.652323	22.250225
71.7	8.297743	3.850930	12.148673	22.155561
71.8	3.928976	8.166168	12.095144	22.103137
71.9	2.774287	8.777733	11.552020	22.100104
72	6.532877	4.732103	11.264980	22.135898
72.1	10.053283	1.596210	11.649493	22.184501
72.2	8.279009	3.917915	12.196924	22.212630
72.3	3.355332	8.788997	12.144329	22.191101
72.4	2.010712	9.514247	11.524959	22.105341
72.5	6.444697	4.714318	11.159016	21.961224
72.6	11.051007	0.508667	11.559674	21.783996
72.7	9.702264	2.518784	12.221048	21.610486
72.8	3.998670	8.274085	12.272755	21.477211
72.9	1.303465	10.340338	11.643803	21.408462
73	5.008802	6.158821	11.167623	21.408527
73.1	10.033442	1.437699	11.471141	21.460748
73.2	9.645639	2.489790	12.135429	21.533716
73.3	4.479802	7.781545	12.261347	21.592345
73.4	1.619229	10.062531	11.681760	21.609867
73.5	4.988184	6.197517	11.185702	21.576477
73.6	10.025147	1.426089	11.451236	21.501580
73.7	9.833174	2.294641	12.127815	21.408968
73.8	4.506469	7.800468	12.306937	21.326820
73.9	1.050170	10.694603	11.744773	21.276324
74	4.009624	7.178540	11.188164	21.263236
74.1	9.426059	1.944035	11.370094	21.275629
74.2	10.190942	1.842168	12.033110	21.288767
74.3	5.512846	6.776424	12.289269	21.275431
74.4	1.793695	10.022066	11.815760	21.217881
74.5	3.908789	7.362317	11.271106	21.116952
74.6	8.752910	2.636024	11.388934	20.994668
74.7	9.643781	2.347684	11.991465	20.889016
74.8	5.427202	6.822171	12.249372	20.842305
74.9	1.937523	9.875635	11.813158	20.886920
75	4.000693	7.275673	11.276366	21.033333
75.1	8.926739	2.434428	11.361167	21.264611
75.2	10.211203	1.736462	11.947664	21.539582
75.3	6.268132	5.984534	12.252666	21.803891
75.4	2.400375	9.488336	11.888711	22.005548
75.5	3.581644	7.780523	11.362167	22.110022
75.6	7.963729	3.401618	11.365347	22.110048
75.7	9.688795	2.165024	11.853819	22.027076
75.8	6.828272	5.320664	12.148936	21.904020
75.9	3.625939	8.253459	11.879398	21.791789
76	4.381009	7.076033	11.457042	21.734010
76.1	7.670294	3.799929	11.470223	21.754809
76.2	8.693980	3.177857	11.871837	21.853310
76.3	6.101967	5.976401	12.078369	22.006207
76.4	3.711842	8.090964	11.802806	22.177045
76.5	4.971451	6.472027	11.443478	22.328777
76.6	8.124419	3.382473	11.506892	22.435300
76.7	8.783816	3.113871	11.897688	22.488277
76.8	6.106276	5.962053	12.068329	22.497435
76.9	3.848882	7.947261	11.796143	22.484782
77	4.974359	6.509958	11.484317	22.475274
77.1	7.546790	4.028133	11.574922	22.487445
77.2	7.674432	4.245111	11.919543	22.527285
77.3	5.182485	6.819023	12.001508	22.587266
77.4	3.858141	7.828907	11.687048	22.650488
77.5	5.904910	5.523539	11.428449	22.698087
77.6	8.575294	3.044606	11.619900	22.717009
77.7	7.938161	4.079954	12.018116	22.705299
77.8	4.557095	7.507634	12.064728	22.673076
77.9	2.946765	8.728037	11.674802	22.639003
78	5.344913	6.032213	11.377125	22.623643
78.1	8.484761	3.100697	11.585458	22.642145
78.2	8.052447	3.958419	12.010866	22.698771
78.3	4.733656	7.319975	12.053631	22.785063
78.4	3.321863	8.324873	11.646736	22.882092
78.5	5.961302	5.405424	11.366726	22.965859
78.6	8.963702	2.667198	11.630900	23.013944
78.7	7.872240	4.218296	12.090537	23.011283
78.8	3.881559	8.209726	12.091285	22.953380
78.9	2.506902	9.085141	11.592043	22.846321
79	6.000700	5.259290	11.259990	22.704020
79.1	9.941553	1.627849	11.569401	22.543937
79.2	9.020499	3.106508	12.127008	22.382816
79.3	4.359036	7.819950	12.178986	22.233700
79.4	2.222301	9.418297	11.640597	22.104790
79.5	5.571419	5.665362	11.236781	21.999980
79.6	9.893765	1.633788	11.527553	21.920296
79.7	9.215972	2.914094	12.130065	21.865333
79.8	4.316906	7.901214	12.218120	21.833969
79.9	1.874748	9.773819	11.648568	21.824164
80	5.443198	5.738296	11.181494	21.832134
80.1	10.424390	1.041073	11.465463	21.851538
80.2	10.064533	2.080804	12.145338	21.873332
80.3	4.592451	7.723274	12.315725	21.886665
80.4	1.132289	10.601386	11.733675	21.880760
80.5	4.294963	6.864661	11.159624	21.847293
80.6	9.980557	1.371132	11.351689	21.782567
80.7	10.762930	1.290992	12.053921	21.688816
80.8	5.717072	6.621327	12.338400	21.574203
80.9	1.558722	10.285292	11.844014	21.451505
81	3.621318	7.627687	11.249004	21.335781
81.1	8.816452	2.532480	11.348932	21.241588
81.2	9.967947	2.021450	11.989397	21.180296
81.3	5.553941	6.734778	12.288719	21.157992
81.4	1.686078	10.151341	11.837419	21.174289
81.5	3.744885	7.503641	11.248526	21.222155
81.6	9.058783	2.263978	11.322760	21.288839
81.7	10.503061	1.463519	11.966580	21.357812
81.8	6.089314	6.233305	12.322619	21.411589
81.9	1.602130	10.321927	11.924057	21.435109
82	2.829318	8.481229	11.310547	21.419142
82.1	7.928660	3.361186	11.289846	21.362986
82.2	10.099984	1.759610	11.859594	21.275662
82.3	6.740757	5.497022	12.237780	21.174979
82.4	2.702246	9.229143	11.931388	21.084302
82.5	3.496868	7.886803	11.383671	21.027489
82.6	7.877852	3.468032	11.345884	21.023130
82.7	9.759747	2.096492	11.856239	21.079626
82.8	6.593988	5.616418	12.210406	21.192656
82.9	2.726458	9.205780	11.932238	21.345994
83	3.375824	8.031123	11.406947	21.515721
83.1	7.627212	3.709309	11.336521	21.676769
83.2	9.871281	1.919765	11.791046	21.809858
83.3	7.428263	4.717141	12.145404	21.906635
83.4	3.889966	8.058333	11.948298	21.971256
83.5	3.933581	7.578414	11.511995	22.017773
83.6	7.036178	4.405965	11.442142	22.064086
83.7	8.616377	3.182670	11.799047	22.124515
83.8	6.605614	5.445623	12.051237	22.203602
83.9	4.143690	7.701864	11.845554	22.293529
84	4.877226	6.615927	11.493152	22.376318
84.1	7.743992	3.762554	11.506547	22.430331
84.2	8.589906	3.276877	11.866783	22.438956
84.3	6.154724	5.904097	12.058821	22.398414
84.4	3.857800	7.952476	11.810276	22.321673
84.5	4.901519	6.575962	11.477481	22.236661
84.6	7.715918	3.818324	11.534242	22.178849
84.7	8.230330	3.664841	11.895171	22.180329
84.8	5.713006	6.325338	12.038343	22.258861
84.9	3.824426	7.930064	11.754490	22.410673
85	5.337094	6.116954	11.454048	22.609714
85.1	8.052805	3.531345	11.584150	22.814030
85.2	7.858648	4.117958	11.976606	22.977552
85.3	4.710181	7.355484	12.065666	23.063694
85.4	2.969881	8.721566	11.691447	23.056413
85.5	5.349460	6.005840	11.355300	22.965103
85.6	8.873916	2.663831	11.537747	22.821655
85.7	8.752152	3.261275	12.013427	22.670570
85.8	5.018495	7.118303	12.136798	22.555316
85.9	2.669102	9.062732	11.731833	22.505336
86	4.858867	6.493500	11.352367	22.527903
86.1	8.485570	3.040290	11.525860	22.607280
86.2	8.430315	3.581880	12.012195	22.711231
86.3	4.743788	7.377062	12.120850	22.802391
86.4	2.738687	8.935867	11.674554	22.850475
86.5	5.604054	5.679902	11.283957	22.841139
86.6	9.690440	1.828779	11.519220	22.778649
86.7	9.262770	2.836244	12.099014	22.681794
86.8	4.487132	7.749936	12.237068	22.574940
86.9	1.600110	10.112524	11.712634	22.477798
87	4.636726	6.568275	11.205001	22.397876
87.1	9.798373	1.600485	11.398858	22.328423
87.2	10.324184	1.725416	12.049600	22.252585
87.3	5.548762	6.741956	12.290718	22.152038
87.4	1.902393	9.894245	11.796638	22.016664
87.5	4.307114	6.926475	11.233589	21.851334
87.6	9.485904	1.883666	11.369570	21.676951
87.7	10.316272	1.714983	12.031255	21.524968
87.8	5.485235	6.839236	12.324471	21.427137
87.9	1.403187	10.434425	11.837612	21.404062
88	3.657841	7.550453	11.208294	21.456770
88.1	9.436963	1.841010	11.277972	21.564529
88.2	11.167403	0.795555	11.962958	21.690033
88.3	6.571656	5.789612	12.361267	21.790416
88.4	1.683219	10.272117	11.955337	21.830465
88.5	2.797208	8.499380	11.296588	21.793544
88.6	8.164473	3.093827	11.258301	21.686466
88.7	10.500290	1.369150	11.869441	21.536619
88.8	6.797414	5.497031	12.294445	21.382372
88.9	2.213761	9.755072	11.968833	21.260105
89	2.950353	8.399376	11.349729	21.192386
89.1	7.883251	3.397453	11.280704	21.181380
89.2	10.215690	1.632702	11.848392	21.209695
89.3	6.750378	5.527187	12.277565	21.248196
89.4	2.170084	9.818257	11.988341	21.267846
89.5	2.644692	8.728679	11.373371	21.251202
89.6	7.535416	3.719988	11.255403	21.199352
89.7	10.359081	1.420338	11.779419	21.131746
89.8	7.524083	4.712657	12.236740	21.078943
89.9	2.978522	9.054263	12.032785	21.070908
90	2.700094	8.771180	11.471274	21.125102
90.1	6.720433	4.591966	11.312400	21.238775
90.2	9.409239	2.330359	11.739597	21.388377
90.3	7.292580	4.849323	12.141903	21.536541
90.4	3.603594	8.368970	11.972564	21.644390
90.5	3.583799	7.901530	11.485329	21.684976
90.6	7.260200	4.098534	11.358735	21.653234
90.7	9.576785	2.182179	11.758964	21.568931
90.8	7.425833	4.706575	12.132408	21.471441
90.9	3.787314	8.194426	11.981740	21.407946
91	3.483299	8.050784	11.534083	21.418838
91.1	6.650511	4.748360	11.398872	21.525028
91.2	8.867606	2.857604	11.725210	21.721224
91.3	7.412032	4.618404	12.030436	21.977219
91.4	4.783221	7.118775	11.901995	22.246646
91.5	4.818164	6.745348	11.563512	22.480271
91.6	7.192553	4.331664	11.524217	22.639581
91.7	8.108373	3.729830	11.838203	22.706528
91.8	5.977613	6.056563	12.034175	22.686706
91.9	3.826143	7.978986	11.805129	22.605503
92	4.937013	6.526097	11.463110	22.498961
92.1	7.993257	3.508657	11.501915	22.402650
92.2	8.769457	3.116362	11.885819	22.342147
92.3	6.097436	5.985964	12.083399	22.327872
92.4	3.629530	8.185065	11.814595	22.355343
92.5	4.755492	6.701632	11.457124	22.409992
92.6	7.772855	3.749254	11.522109	22.474326
92.7	8.229059	3.695676	11.924735	22.534646
92.8	5.279969	6.807615	12.087583	22.585058
92.9	3.066500	8.688345	11.754845	22.627728
93	4.945949	6.430806	11.376755	22.669782
93.1	8.564757	2.933047	11.497804	22.718467
93.2	8.878999	3.102088	11.981087	22.776628
93.3	5.193435	6.972808	12.166242	22.840283
93.4	2.402249	9.375095	11.777344	22.899133
93.5	4.401795	6.927419	11.329215	22.939702
93.6	8.607536	2.832031	11.439567	22.949833
93.7	9.311585	2.659000	11.970585	22.922863
93.8	5.513215	6.682579	12.195794	22.860009
93.9	2.442424	9.351775	11.794199	22.770220
94	4.442441	6.868582	11.311022	22.667662
94.1	8.862604	2.561812	11.424416	22.567787
94.2	9.524816	2.476202	12.001017	22.483315
94.3	5.265508	6.984194	12.249702	22.421341
94.4	1.822346	9.976248	11.798595	22.382281
94.5	4.168901	7.063436	11.232337	22.360676
94.6	9.552842	1.772858	11.325700	22.347334
94.7	10.891949	1.093772	11.985721	22.331952
94.8	6.244917	6.101888	12.346804	22.305422
94.9	1.607296	10.314836	11.922132	22.261317
95	3.047316	8.221260	11.268575	22.196456
95.1	8.602981	2.649602	11.252584	22.110773
95.2	10.872609	1.016893	11.889502	22.006840
95.3	6.916266	5.404012	12.320278	21.889358
95.4	2.179507	9.786589	11.966096	21.764719
95.5	3.130504	8.178359	11.308863	21.640580
95.6	8.509476	2.733059	11.242535	21.525279
95.7	10.996034	0.870514	11.866548	21.427003
95.8	7.073443	5.274338	12.347781	21.352732
95.9	1.813434	10.224641	12.038076	21.307176
96	2.138504	9.204793	11.343297	21.291966
96.1	7.610345	3.568145	11.178490	21.305332
96.2	11.065749	0.682388	11.748137	21.342332
96.3	8.149820	4.138368	12.288188	21.395503
96.4	2.937430	9.161810	12.099240	21.455713
96.5	2.269900	9.198792	11.468691	21.512975
96.6	6.627371	4.627557	11.254928	21.557162
96.7	9.783945	1.939013	11.722958	21.578732
96.8	7.431291	4.778461	12.209752	21.569683
96.9	2.937958	9.108051	12.046009	21.524925
97	2.576038	8.885925	11.461963	21.443985
97.1	6.922458	4.334520	11.256978	21.332649
97.2	10.138796	1.568713	11.707509	21.203817
97.3	7.936241	4.267398	12.203639	21.076834
97.4	3.304965	8.781820	12.086786	20.974820
97.5	2.360207	9.171103	11.531310	20.920141
97.6	6.141934	5.142896	11.284830	20.928917
97.7	9.460320	2.191350	11.651669	21.006044
97.8	8.063916	4.044941	12.108857	21.142434
97.9	4.207807	7.837082	12.044889	21.315756
98	3.250645	8.331376	11.582021	21.495027
98.1	6.284750	5.086741	11.371491	21.648186
98.2	8.922947	2.761607	11.684555	21.750666
98.3	7.576551	4.486693	12.063244	21.792390
98.4	4.327191	7.654303	11.981494	21.780902
98.5	3.803116	7.767151	11.570266	21.739338
98.6	6.690612	4.719147	11.409759	21.699598
98.7	8.944505	2.766632	11.711137	21.692631
98.8	7.557889	4.482260	12.040149	21.738854
98.9	4.653804	7.291805	11.945609	21.841809
99	4.287918	7.299448	11.587366	21.987236
99.1	6.699797	4.786553	11.486349	22.147964
99.2	8.174609	3.598767	11.773376	22.293085
99.3	6.543209	5.468686	12.011895	22.398352
99.4	4.333865	7.505237	11.839102	22.454213
99.5	5.037928	6.462321	11.500249	22.468671
99.6	7.882005	3.621081	11.503086	22.463843
99.7	8.729742	3.148256	11.877999	22.467363
99.8	6.006418	6.100631	12.107050	22.501589
99.9	3.211434	8.636174	11.847608	22.574490
100	4.209476	7.226884	11.436360	22.675599
100.1	7.746377	3.694686	11.441064	22.778721
100.2	9.002533	2.861959	11.864492	22.850731
100.3	6.249237	5.872341	12.121578	22.863562
100.4	3.346899	8.501966	11.848864	22.805248
100.5	4.410358	7.015600	11.425959	22.686031
100.6	7.952023	3.507829	11.459852	22.537128
100.7	8.805838	3.121086	11.926924	22.402218
100.8	5.398356	6.778502	12.176858	22.324245
100.9	2.250161	9.577849	11.828009	22.331800
101	3.922549	7.402951	11.325500	22.429623
101.1	8.551828	2.807982	11.359810	22.596438
101.2	10.057661	1.855513	11.913174	22.790924
101.3	6.340497	5.911766	12.252264	22.963904
101.4	2.312939	9.600798	11.913738	23.072758
101.5	3.377977	7.971596	11.349573	23.093380
101.6	8.057507	3.270971	11.328478	23.025873
101.7	9.909554	1.975531	11.885085	22.892385
101.8	6.324399	5.931253	12.255651	22.728175
101.9	2.231577	9.682942	11.914519	22.569250
102	3.464783	7.844614	11.309397	22.440960
102.1	8.666862	2.606146	11.273007	22.351421
102.2	10.872615	1.013068	11.885683	22.291717
102.3	6.889116	5.448958	12.338075	22.242359
102.4	1.829105	10.179937	12.009042	22.183181
102.5	2.455333	8.860793	11.316126	22.102690
102.6	8.103405	3.072514	11.175919	22.003254
102.7	11.422779	0.357666	11.780445	21.900134
102.8	8.093025	4.239874	12.332899	21.814840
102.9	2.559762	9.547740	12.107502	21.765460
103	2.093726	9.322128	11.415855	21.757857
103.1	7.124647	4.059051	11.183697	21.781338
103.2	10.781752	0.928085	11.709837	21.810792
103.3	8.177325	4.097843	12.275168	21.814823
103.4	2.914230	9.204339	12.118568	21.767123
103.5	2.135718	9.321975	11.457693	21.656965
103.6	6.888749	4.296589	11.185338	21.494858
103.7	10.775714	0.889143	11.664858	21.311015
103.8	8.591090	3.660262	12.251352	21.146802
103.9	3.240157	8.928303	12.168460	21.041853
104	1.730509	9.813088	11.543597	21.021171
104.1	5.810610	5.404376	11.214985	21.086631
104.2	9.852964	1.744713	11.597677	21.215872
104.3	8.585449	3.562967	12.148416	21.369059
104.4	4.049062	8.077687	12.126749	21.501294
104.5	2.523965	9.068650	11.592616	21.576510
104.6	5.904579	5.389709	11.294288	21.578219
104.7	9.312805	2.320321	11.633127	21.513560
104.8	7.959967	4.169963	12.129931	21.409471
104.9	3.692030	8.406902	12.098931	21.302495
105	2.360784	9.222618	11.583403	21.225903
105.1	5.822099	5.458262	11.280361	21.198669
105.2	9.516525	2.068977	11.585502	21.220070
105.3	8.724799	3.349268	12.074067	21.271629
105.4	4.801306	7.300137	12.101443	21.325502
105.5	3.040849	8.630550	11.671399	21.356144
105.6	5.434052	5.957513	11.391565	21.350948
105.7	8.298722	3.320727	11.619449	21.316010
105.8	7.697289	4.298493	11.995782	21.274891
105.9	4.835963	7.145664	11.981627	21.260774
106	4.054223	7.560770	11.614993	21.304727
106.1	6.550518	4.881972	11.432490	21.424154
106.2	8.767190	2.929277	11.696467	21.615445
106.3	7.545357	4.484770	12.030127	21.853408
106.4	4.611363	7.351048	11.962411	22.097759
106.5	4.072433	7.523675	11.596108	22.304583
106.6	6.581494	4.872079	11.453573	22.439077
106.7	8.485556	3.243862	11.729417	22.485509
106.8	7.106090	4.911266	12.017356	22.451354
106.9	4.564649	7.333535	11.898183	22.364479
107	4.669172	6.877937	11.547109	22.264504
107.1	7.322901	4.163626	11.486527	22.191239
107.2	8.544274	3.283362	11.827637	22.173803
107.3	6.224264	5.863296	12.087560	22.223609
107.4	3.418267	8.448922	11.867189	22.332949
107.5	4.235505	7.206790	11.442295	22.479072
107.6	7.900827	3.507975	11.408802	22.631960
107.7	9.479026	2.367074	11.846099	22.763093
107.8	6.609264	5.563177	12.172442	22.852528
107.9	2.979173	8.952366	11.931538	22.892464
108	3.459631	7.978731	11.438361	22.886823
108.1	7.382320	3.985563	11.367883	22.847706
108.2	9.315789	2.508673	11.824462	22.790389
108.3	6.515591	5.663019	12.178609	22.728732
108.4	2.841064	9.084847	11.925911	22.672337
108.5	3.535870	7.863725	11.399596	22.625961
108.6	7.873863	3.460244	11.334107	22.590758
108.7	9.903961	1.945923	11.849884	22.566358
108.8	6.567014	5.690073	12.257086	22.552659
108.9	2.136483	9.845386	11.981868	22.550565
109	2.648857	8.718837	11.367694	22.561456
109.1	7.662426	3.574426	11.236852	22.585793
109.2	10.628129	1.149816	11.777945	22.621599
109.3	7.631316	4.639976	12.271291	22.663554
109.4	2.748682	9.302356	12.051038	22.703182
109.5	2.616764	8.797259	11.414023	22.730122
109.6	7.419412	3.810732	11.230143	22.734117
109.7	10.547060	1.214870	11.761930	22.707096
109.8	7.555014	4.737562	12.292576	22.644793
109.9	2.346671	9.739255	12.085926	22.547530
110	2.069553	9.323537	11.393090	22.420115
110.1	7.445447	3.690069	11.135516	22.271036
110.2	11.587584	0.085245	11.672829	22.111222
110.3	9.059172	3.250610	12.309782	21.952650
110.4	3.118781	9.095679	12.214459	21.806927
110.5	1.435688	10.086985	11.522673	21.683929
110.6	5.978972	5.171534	11.150506	21.590547
110.7	10.557290	1.014476	11.571766	21.529661
110.8	9.181617	3.019321	12.200938	21.499582
110.9	3.960463	8.235471	12.195934	21.494206
111	2.038054	9.547386	11.585440	21.504064
111.1	5.901250	5.307265	11.208515	21.518180
111.2	10.159824	1.411049	11.570873	21.526388
111.3	8.971092	3.201434	12.172526	21.521490
111.4	3.923372	8.275863	12.199236	21.500621
111.5	1.785085	9.836725	11.621811	21.465345
111.6	5.346865	5.872592	11.219457	21.420466
111.7	9.779207	1.740860	11.520067	21.371971
111.8	9.245322	2.858521	12.103842	21.324904
111.9	4.655714	7.536820	12.192534	21.282025
112	2.185563	9.511447	11.697010	21.243812
112.1	4.861940	6.444087	11.306026	21.209799
112.2	8.721843	2.809802	11.531645	21.180646
112.3	8.489077	3.542663	12.031740	21.159874
112.4	4.741288	7.369231	12.110519	21.154229
112.5	2.844143	8.832187	11.676331	21.172093
112.6	5.428158	5.914890	11.343048	21.220152
112.7	8.870268	2.697877	11.568145	21.299399
112.8	8.430978	3.601865	12.032843	21.402099
112.9	4.760512	7.339748	12.100260	21.511275
113	2.865998	8.825506	11.691504	21.603606
113.1	5.201141	6.170859	11.372000	21.655449
113.2	8.485091	3.074087	11.559179	21.650418
113.3	8.414647	3.551128	11.965775	21.586117
113.4	5.501847	6.527447	12.029295	21.477520
113.5	4.020900	7.675675	11.696575	21.355298
113.6	5.863377	5.603652	11.467028	21.258967
113.7	8.059316	3.605356	11.664672	21.226436
113.8	7.271168	4.713658	11.984826	21.282982
113.9	4.663976	7.283213	11.947189	21.433122
114	4.184464	7.409673	11.594137	21.658179
114.1	6.784594	4.649096	11.433690	21.920666
114.2	8.925286	2.783953	11.709239	22.174427
114.3	7.573464	4.467550	12.041013	22.377547
114.4	4.585204	7.374542	11.959746	22.504008
114.5	4.142966	7.437257	11.580223	22.550376
114.6	6.788482	4.660306	11.448789	22.535355
114.7	8.572192	3.192008	11.764200	22.492373
114.8	6.694608	5.381908	12.076516	22.457726
114.9	3.693562	8.221195	11.914758	22.458263
115	4.034851	7.439794	11.474645	22.502818
115.1	7.667069	3.710300	11.377368	22.580244
115.2	9.699274	2.100690	11.799964	22.664675
115.3	7.040941	5.149095	12.190036	22.726038
115.4	2.935177	9.066751	12.001928	22.742049
115.5	2.832734	8.630835	11.463570	22.707320
115.6	6.956967	4.339140	11.296107	22.636242
115.7	9.798302	1.936145	11.734447	22.558486
115.8	7.511149	4.676847	12.187997	22.508620
115.9	3.221525	8.813082	12.034607	22.513458
116	2.837894	8.641859	11.479753	22.581668
116.1	6.919361	4.371328	11.290689	22.699419
116.2	9.778462	1.965262	11.743723	22.833805
116.3	7.260543	4.963759	12.224302	22.943057
116.4	2.633695	9.420384	12.054080	22.990142
116.5	2.333324	9.100835	11.434159	22.955143
116.6	7.125513	4.075302	11.200816	22.842154
116.7	10.774189	0.920090	11.694280	22.678309
116.8	8.313230	3.959812	12.273042	22.505231
116.9	2.866685	9.292637	12.159322	22.365824
117	1.645694	9.846948	11.492643	22.290834
117.1	6.311504	4.847395	11.158899	22.289696
117.2	10.675228	0.929450	11.604677	22.348581
117.3	8.958633	3.272204	12.230837	22.436057
117.4	3.564286	8.629743	12.194029	22.514147
117.5	1.850083	9.694148	11.544231	22.550792
117.6	6.194472	4.967173	11.161644	22.529364
117.7	10.743513	0.827288	11.570802	22.452135
117.8	9.274961	2.953782	12.228743	22.336854
117.9	3.618776	8.631463	12.250239	22.208140
118	1.283157	10.313502	11.596659	22.087197
118.1	5.444320	5.685835	11.130155	21.983874
118.2	10.711921	0.751126	11.463047	21.894058
118.3	10.296809	1.851736	12.148545	21.803265
118.4	4.936353	7.352410	12.288763	21.694887
118.5	1.714368	10.014440	11.728808	21.559703
118.6	4.563015	6.674043	11.237058	21.402732
118.7	9.251408	2.204873	11.456281	21.244475
118.8	9.365329	2.690308	12.055637	21.115648
118.9	4.954827	7.254178	12.209005	21.047042
119	2.214264	9.506030	11.720294	21.058045
119.1	4.914735	6.353320	11.268056	21.148047
119.2	9.352179	2.114406	11.466584	21.294089
119.3	9.508433	2.531418	12.039851	21.456013
119.4	5.195436	7.020733	12.216169	21.587719
119.5	2.151130	9.625547	11.776677	21.650974
119.6	4.209934	7.118001	11.327935	21.627213
119.7	8.313332	3.145428	11.458759	21.523352
119.8	8.929682	3.025676	11.955358	21.369622
119.9	5.555777	6.572641	12.128419	21.210096
120	3.080832	8.684754	11.765586	21.089018
120.1	4.855181	6.539863	11.395043	21.037428
120.2	8.194154	3.336433	11.530587	21.064419
120.3	8.339438	3.627674	11.967112	21.155729
120.4	5.121808	6.966432	12.088241	21.279876
120.5	3.076335	8.652975	11.729310	21.399516
120.6	5.061851	6.329882	11.391733	21.484033
120.7	8.367439	3.166618	11.534057	21.519118
120.8	8.585934	3.358555	11.944489	21.510251
120.9	5.672725	6.384044	12.056769	21.479217
121	3.780361	7.961727	11.742088	21.455196
121.1	5.343428	6.121565	11.464993	21.463747
121.2	7.838842	3.769600	11.608442	21.517616
121.3	7.629390	4.309383	11.938773	21.612516
121.4	5.220878	6.740022	11.960899	21.729159
121.5	4.404483	7.236556	11.641039	21.840656
121.6	6.608395	4.848727	11.457122	21.922527
121.7	8.674331	3.028407	11.702738	21.961771
121.8	7.374900	4.669361	12.044261	21.961866
121.9	4.248763	7.732665	11.981429	21.942045
122	3.677987	7.893921	11.571908	21.931166
122.1	6.691042	4.688719	11.379761	21.958305
122.2	9.266711	2.423142	11.689852	22.043187
122.3	7.802988	4.283382	12.086369	22.189548
122.4	4.245348	7.768994	12.014342	22.383411
122.5	3.538620	8.024706	11.563326	22.596655
122.6	6.709128	4.657109	11.366237	22.794565
122.7	9.239923	2.480776	11.720699	22.944942
122.8	7.283033	4.864940	12.147973	23.026042
122.9	3.235538	8.798694	12.034232	23.031231
123	2.726511	8.769119	11.495630	22.969373
123.1	6.838101	4.418747	11.256848	22.861344
123.2	10.276669	1.392206	11.668875	22.734082
123.3	8.350191	3.852283	12.202475	22.614086
123.4	3.438306	8.703406	12.141712	22.522097
123.5	1.983799	9.575986	11.559785	22.470054
123.6	5.837301	5.401208	11.238509	22.460567
123.7	9.688182	1.924962	11.613144	22.488421
123.8	8.243788	3.926703	12.170491	22.543191
123.9	3.498089	8.640146	12.138235	22.612064
124	2.097617	9.447328	11.544945	22.682188
124.1	6.224279	4.975589	11.199869	22.742282
124.2	10.414443	1.181577	11.596020	22.783567
124.3	8.850473	3.369688	12.220161	22.800235
124.4	3.372095	8.854711	12.226806	22.789644
124.5	1.235800	10.348574	11.584375	22.752319
124.6	5.426301	5.712094	11.138395	22.691699
124.7	10.536758	0.948691	11.485450	22.613546
124.8	9.895590	2.271527	12.167118	22.525019
124.9	4.463490	7.814442	12.277931	22.433534
125	1.539088	10.138809	11.677897	22.345666
125.1	4.977724	6.200653	11.178378	22.266351
125.2	10.060145	1.389487	11.449631	22.198541
125.3	9.894071	2.227035	12.121106	22.143282
125.4	4.705392	7.578968	12.284360	22.100014
125.5	1.516691	10.200256	11.716947	22.066835
125.6	4.687759	6.491083	11.178842	22.040539
125.7	10.064322	1.325114	11.389437	22.016478
125.8	10.549781	1.517497	12.067278	21.988483
125.9	5.547241	6.768971	12.316211	21.949228
126	1.643578	10.179413	11.822991	21.891315
126.1	3.787596	7.468575	11.256171	21.809070
126.2	8.875823	2.478482	11.354304	21.700688
126.3	10.158346	1.792786	11.951131	21.569987
126.4	6.257061	5.978000	12.235061	21.426988
126.5	2.670914	9.183194	11.854108	21.286765
126.6	4.091945	7.269157	11.361102	21.166529
126.7	8.185285	3.244167	11.429452	21.081590
126.8	9.104162	2.835740	11.939902	21.041348
126.9	5.602666	6.570778	12.173444	21.046633
127	2.595860	9.214442	11.810302	21.089418
127.1	4.272236	7.082339	11.354576	21.155158
127.2	8.379565	3.047153	11.426719	21.227119
127.3	9.411364	2.507757	11.919121	21.291291
127.4	6.104782	6.059603	12.164385	21.340167
127.5	2.965386	8.888834	11.854220	21.374016
127.6	3.984760	7.451977	11.436737	21.399143
127.7	7.362242	4.111688	11.473930	21.423762
127.8	8.320994	3.554373	11.875366	21.453106
127.9	5.797037	6.261123	12.058160	21.485785
128	3.671796	8.103459	11.775255	21.513097
128.1	5.099065	6.345651	11.444716	21.521894
128.2	8.069494	3.472166	11.541659	21.500261
128.3	8.361617	3.566510	11.928126	21.443984
128.4	5.548032	6.510779	12.058812	21.361245
128.5	3.556079	8.198817	11.754896	21.273318
128.6	5.098243	6.350429	11.448672	21.210329
128.7	7.914283	3.649688	11.563971	21.202887
128.8	8.084335	3.834929	11.919264	21.272051
128.9	5.609704	6.388102	11.997806	21.420994
129	4.297909	7.395115	11.693023	21.631498
129.1	6.164115	5.297614	11.461729	21.867025
129.2	8.428988	3.232602	11.661590	22.081980
129.3	7.521465	4.497687	12.019152	22.234641
129.4	4.420105	7.584254	12.004358	22.299772
129.5	3.545687	8.053026	11.598713	22.276802
129.6	6.494664	4.863123	11.357787	22.190685
129.7	9.457171	2.186190	11.643361	22.084875
129.8	8.283276	3.806546	12.089822	22.008388
129.9	4.364268	7.717559	12.081828	22.000992
130	2.979511	8.632693	11.612204	22.081216
130.1	6.070204	5.250371	11.320575	22.241046
130.2	9.386317	2.235352	11.621669	22.449004
130.3	8.215062	3.898316	12.113379	22.660523
130.4	3.992513	8.115995	12.108508	22.832123
130.5	2.546128	9.042490	11.588619	22.934660
130.6	6.087577	5.172129	11.259706	22.961290
130.7	9.914762	1.681366	11.596129	22.927656
130.8	8.637250	3.530107	12.167357	22.864509
130.9	3.652329	8.543072	12.195401	22.805591
131	1.544046	10.071220	11.615266	22.775183
131.1	5.270826	5.919723	11.190549	22.779769
131.2	10.014809	1.480965	11.495773	22.806699
131.3	9.510899	2.619805	12.130704	22.830199
131.4	4.468532	7.778171	12.246703	22.822408
131.5	1.662049	10.029647	11.691697	22.765308
131.6	4.794189	6.427818	11.222007	22.659095
131.7	9.470593	2.008645	11.479238	22.523824
131.8	9.177871	2.934657	12.112528	22.393591
131.9	4.224663	8.022142	12.246805	22.305209
132	1.451065	10.224564	11.675629	22.285343
132.1	4.954452	6.205014	11.159466	22.340656
132.2	10.355475	1.052928	11.408403	22.454496
132.3	10.498786	1.615685	12.114472	22.591372
132.4	5.050222	7.297865	12.348087	22.707733
132.5	1.070368	10.727515	11.797883	22.765389
132.6	3.698344	7.491197	11.189540	22.743017
132.7	9.377636	1.940937	11.318573	22.641923
132.8	10.659665	1.335144	11.994809	22.484280
132.9	6.099535	6.210662	12.310197	22.304692
133	2.010944	9.847675	11.858619	22.138266
133.1	3.874913	7.390888	11.265801	22.009411
133.2	9.045234	2.287012	11.332246	21.925260
133.3	10.464961	1.494248	11.959209	21.875723
133.4	6.210068	6.088208	12.298276	21.839798
133.5	1.983031	9.917166	11.900197	21.795427
133.6	3.371115	7.934460	11.305575	21.729040
133.7	8.433310	2.868029	11.301339	21.641095
133.8	10.480561	1.389663	11.870224	21.545589
133.9	7.046203	5.196898	12.243101	21.463809
134	2.919980	9.027881	11.947861	21.414836
134.1	3.454362	7.965362	11.419724	21.406562
134.2	7.470335	3.905083	11.375419	21.430868
134.3	9.240670	2.599840	11.840510	21.465033
134.4	6.459059	5.691923	12.150983	21.479185
134.5	3.185366	8.700503	11.885869	21.447247
134.6	4.004741	7.425944	11.430685	21.357491
134.7	7.702152	3.718192	11.420344	21.218727
134.8	9.102089	2.758732	11.860821	21.059672
134.9	6.283019	5.856525	12.139544	20.921302
135	3.126028	8.755490	11.881518	20.844521
135.1	3.859490	7.593831	11.453321	20.857121
135.2	7.314961	4.122202	11.437163	20.964384
135.3	8.746167	3.083674	11.829842	21.146479
135.4	6.434753	5.639326	12.074079	21.363611
135.5	3.844568	8.003983	11.848550	21.567311
135.6	4.555937	6.943314	11.499251	21.714264
135.7	7.289237	4.237848	11.527085	21.778315
135.8	7.948386	3.928152	11.876539	21.756954
135.9	5.584784	6.444382	12.029166	21.670493
136	3.737346	8.016421	11.753768	21.554527
136.1	5.297246	6.142905	11.440151	21.448420
136.2	8.276487	3.266579	11.543066	21.383655
136.3	8.555375	3.373726	11.929101	21.375719
136.4	5.735051	6.323880	12.058931	21.421805
136.5	3.753883	7.998271	11.752154	21.504563
136.6	5.323422	6.124908	11.448330	21.600116
136.7	8.066114	3.517570	11.583684	21.687308
136.8	7.920529	4.041291	11.961820	21.754944
136.9	5.050290	6.973047	12.023337	21.804731
137	3.764381	7.887120	11.651501	21.849248
137.1	6.334021	5.034565	11.368586	21.906011
137.2	9.424496	2.187095	11.611592	21.989983
137.3	8.497475	3.589428	12.086903	22.107229
137.4	4.320407	7.817076	12.137482	22.251888
137.5	2.352264	9.302652	11.654916	22.407353
137.6	5.412584	5.857082	11.269666	22.551110
137.7	9.590469	1.921719	11.512188	22.661506
137.8	9.305141	2.767096	12.072237	22.724194
137.9	4.895130	7.299766	12.194896	22.736263
138	2.313403	9.393428	11.706831	22.706909
138.1	5.079565	6.191920	11.271485	22.654673
138.2	9.372195	2.123173	11.495368	22.602258
138.3	9.134776	2.952571	12.087347	22.570579
138.4	4.424593	7.809992	12.234585	22.573684
138.5	1.557942	10.152574	11.710516	22.615785
138.6	4.604303	6.602800	11.207103	22.690888
138.7	9.693316	1.719497	11.412813	22.784771
138.8	10.038624	2.031611	12.070234	22.878546
138.9	5.081097	7.222573	12.303670	22.952817
139	1.369391	10.426402	11.795793	22.991525
139.1	3.824645	7.400369	11.225015	22.984806
139.2	9.103775	2.253913	11.357688	22.930545
139.3	10.081760	1.930428	12.012188	22.834512
139.4	5.474800	6.825187	12.299986	22.709212
139.5	1.595095	10.232020	11.827115	22.571657
139.6	3.805375	7.427034	11.232409	22.440400
139.7	9.203347	2.124047	11.327394	22.332290
139.8	10.477443	1.517706	11.995149	22.259492
139.9	5.792710	6.546333	12.339042	22.227360
140	1.364084	10.523339	11.887422	22.233651
140.1	3.186787	8.045565	11.232352	22.269298
140.2	9.002655	2.238355	11.241010	22.320587
140.3	11.276246	0.623492	11.899738	22.372191
140.4	7.171154	5.168467	12.339622	22.410259
140.5	2.190813	9.807396	11.998210	22.424731
140.6	2.749495	8.604177	11.353672	22.410340
140.7	7.747528	3.515226	11.262754	22.366189
140.8	10.335476	1.479913	11.815388	22.294334
140.9	7.221314	5.022167	12.243481	22.198120
141	2.902914	9.072735	11.975648	22.081060
141.1	3.346884	8.048448	11.395332	21.946754
141.2	7.905235	3.391422	11.296656	21.799811
141.3	10.356421	1.449653	11.806074	21.647181
141.4	7.399874	4.831950	12.231825	21.499001
141.5	2.991599	9.022428	12.014027	21.368119
141.6	2.855265	8.610460	11.465724	21.267939
141.7	6.856790	4.463142	11.319932	21.208973
141.8	9.500781	2.235384	11.736165	21.195151
141.9	7.509990	4.610990	12.120980	21.221323
142	3.999661	7.966737	11.966398	21.273186
142.1	3.830541	7.697629	11.528171	21.330155
142.2	6.893521	4.539546	11.433067	21.370680
142.3	8.565788	3.232910	11.798698	21.378498
142.4	6.374738	5.717123	12.091861	21.347799
142.5	3.420793	8.472004	11.892797	21.285417
142.6	3.916825	7.562649	11.479473	21.209055
142.7	7.258907	4.168192	11.427098	21.141875
142.8	8.910917	2.892256	11.803173	21.105075
142.9	6.728298	5.356464	12.084762	21.110951
143	3.829426	8.066475	11.895901	21.158867
143.1	4.126333	7.395125	11.521458	21.235686
143.2	6.919334	4.569098	11.488433	21.320636
143.3	8.099983	3.721960	11.821943	21.392998
143.4	6.084215	5.941931	12.026146	21.439876
143.5	3.993066	7.809942	11.803009	21.461126
143.6	5.050527	6.428941	11.479468	21.469481
143.7	7.851870	3.683227	11.535097	21.485543
143.8	8.326802	3.578554	11.905356	21.529308
143.9	5.641717	6.419040	12.060757	21.611229
144	3.565755	8.196383	11.762138	21.726275
144.1	5.186509	6.232849	11.419358	21.853511
144.2	8.398518	3.126256	11.524774	21.961877
144.3	8.708456	3.238069	11.946524	22.020594
144.4	5.598354	6.494054	12.092408	22.010773
144.5	3.436595	8.305415	11.742010	21.934144
144.6	5.398450	5.982212	11.380662	21.815490
144.7	8.817009	2.718531	11.535540	21.697405
144.8	8.710421	3.308047	12.018468	21.628549
144.9	4.853358	7.299399	12.152756	21.648919
145	2.466513	9.244462	11.710975	21.776839
145.1	5.162351	6.106925	11.269276	22.002057
145.2	9.691092	1.755659	11.446751	22.287428
145.3	9.995554	2.046668	12.042221	22.578937
145.4	5.409451	6.860392	12.269843	22.821017
145.5	1.819822	9.993866	11.813688	22.972357
145.6	3.903160	7.371499	11.274659	23.017184
145.7	8.788330	2.586406	11.374736	22.968492
145.8	9.851493	2.125253	11.976747	22.862329
145.9	5.676891	6.582070	12.258961	22.745246
146	2.030709	9.798614	11.829323	22.659185
146.1	4.025373	7.245144	11.270517	22.628860
146.2	9.043271	2.314421	11.357691	22.655653
146.3	10.150274	1.845528	11.995802	22.719763
146.4	5.538461	6.788932	12.327393	22.789408
146.5	1.188354	10.698189	11.886543	22.833521
146.6	2.958564	8.284547	11.243111	22.833289
146.7	8.659753	2.591525	11.251278	22.788447
146.8	10.862110	1.040405	11.902515	22.716271
146.9	6.775480	5.555912	12.331391	22.643902
147	1.946710	10.027789	11.974498	22.597054
147.1	2.789302	8.534401	11.323703	22.589431
147.2	8.000320	3.258164	11.258484	22.616835
147.3	10.410921	1.448572	11.859493	22.658194
147.4	6.727614	5.576825	12.304439	22.683159
147.5	1.989838	9.993179	11.983017	22.663482
147.6	2.743737	8.578683	11.322421	22.584007
147.7	8.174294	3.037001	11.211294	22.449207
147.8	11.154782	0.649254	11.804036	22.282817
147.9	7.770873	4.545294	12.316168	22.120567
148	2.509471	9.567406	12.076877	21.998529
148.1	2.230241	9.186396	11.416637	21.941121
148.2	7.106810	4.102034	11.208844	21.952971
148.3	10.611833	1.091405	11.703238	22.017425
148.4	8.321008	3.898446	12.219454	22.102145
148.5	3.605850	8.476291	12.082142	22.169768
148.6	2.798328	8.714660	11.512989	22.189844
148.7	6.668686	4.625292	11.293979	22.147929
148.8	9.706213	1.992429	11.698641	22.048817
148.9	7.819154	4.330551	12.149705	21.913065
149	3.774727	8.258336	12.033063	21.768353
149.1	3.166107	8.361345	11.527452	21.639053
149.2	6.731371	4.599749	11.331119	21.537898
149.3	9.538253	2.159614	11.697866	21.462747
149.4	7.857859	4.255181	12.113040	21.399484
149.5	4.117819	7.904503	12.022323	21.329759
149.6	3.321168	8.260447	11.581615	21.240464
149.7	6.175527	5.232659	11.408186	21.131198
149.8	8.424401	3.290932	11.715333	21.016693
149.9	6.991179	5.050246	12.041426	20.923078
150	4.173824	7.748380	11.922204	20.879120
150.1	4.163769	7.377332	11.541101	20.905496
150.2	7.017056	4.435895	11.452951	21.005968
150.3	8.613266	3.177786	11.791052	21.163773
150.4	6.550679	5.529928	12.080608	21.344768
150.5	3.583285	8.328793	11.912077	21.506582
150.6	3.769986	7.747639	11.517625	21.610924
150.7	6.807742	4.633304	11.441046	21.635099
150.8	8.521977	3.251792	11.773769	21.578995
150.9	6.753561	5.282273	12.035834	21.465287
151	4.293537	7.569851	11.863388	21.332801
151.1	4.763915	6.759532	11.523447	21.225174
151.2	7.376928	4.147189	11.524117	21.178388
151.3	8.098106	3.777478	11.875584	21.211005
151.4	5.589957	6.472132	12.062089	21.319911
151.5	3.379858	8.401266	11.781124	21.482576
151.6	4.939203	6.463157	11.402360	21.664725
151.7	8.529583	2.940343	11.469925	21.830746
151.8	9.307199	2.617070	11.924269	21.953526
151.9	6.053240	6.097091	12.150331	22.020830
152	3.121088	8.701844	11.822932	22.036691
152.1	4.572879	6.808774	11.381653	22.017956
152.2	8.452710	2.991240	11.443950	21.987599
152.3	9.308097	2.632792	11.940889	21.967256
152.4	5.758414	6.426208	12.184622	21.971358
152.5	2.645768	9.166479	11.812247	22.004444
152.6	4.489149	6.825546	11.314695	22.062008
152.7	9.058217	2.330968	11.389185	22.134069
152.8	10.105822	1.865427	11.971250	22.209868
152.9	5.876169	6.408659	12.284828	22.281966
153	1.801059	10.082680	11.883740	22.348460
153.1	3.386086	7.894852	11.280938	22.412800
153.2	8.697739	2.584905	11.282644	22.481589
153.3	10.739808	1.160287	11.900095	22.561306
153.4	6.766051	5.549995	12.316046	22.655143
153.5	2.028357	9.947477	11.975834	22.760950
153.6	2.777331	8.561753	11.339085	22.870845
153.7	7.857291	3.408073	11.265363	22.972480
153.8	10.271621	1.580308	11.851929	23.051559
153.9	6.676240	5.621045	12.297286	23.094916
154	1.965271	10.020410	11.985681	23.093459
154.1	2.667837	8.661065	11.328902	23.044388
154.2	8.034345	3.183917	11.218262	22.952266
154.3	10.916228	0.902396	11.818624	22.828754
154.4	7.352831	4.982546	12.335378	22.690986
154.5	1.963280	10.113941	12.077221	22.558772
154.6	1.830365	9.555086	11.385451	22.451041
154.7	7.064193	4.112542	11.176734	22.382124
154.8	10.711785	1.003899	11.715684	22.358657
154.9	8.088098	4.181027	12.269125	22.377878
155	2.958151	9.141488	12.099639	22.427892
155.1	2.331866	9.120475	11.452340	22.490060
155.2	6.997977	4.212680	11.210656	22.543100
155.3	10.556117	1.143680	11.699797	22.567980
155.4	8.132509	4.123345	12.255854	22.552322
155.5	2.946659	9.181879	12.128538	22.493116
155.6	1.945776	9.541536	11.487313	22.396954
155.7	6.507420	4.674857	11.182277	22.277715
155.8	10.699511	0.903912	11.603422	22.152432
155.9	9.242801	2.936517	12.179318	22.036647
156	4.356937	7.806657	12.163594	21.940695
156.1	2.488090	9.133675	11.621766	21.868047
156.2	5.666420	5.634325	11.300744	21.816039
156.3	9.172292	2.430431	11.602723	21.778501
156.4	8.271214	3.801140	12.072354	21.749062
156.5	4.545473	7.513234	12.058707	21.723737
156.6	3.352231	8.253809	11.606040	21.701709
156.7	6.295409	5.064036	11.359446	21.684050
156.8	9.171660	2.484742	11.656402	21.671009
156.9	7.961223	4.113830	12.075053	21.659256
157	4.355465	7.683635	12.039100	21.640568
157.1	3.263013	8.350037	11.613050	21.603009
157.2	5.995566	5.395250	11.390816	21.534630
157.3	8.631390	3.030714	11.662104	21.428611
157.4	7.609345	4.418790	12.028135	21.287947
157.5	4.582048	7.398751	11.980800	21.127630
157.6	3.859259	7.751874	11.611133	20.972971
157.7	6.268883	5.189436	11.458319	20.853969
157.8	8.133819	3.601019	11.734837	20.797128
157.9	6.660927	5.370333	12.031260	20.817253
158	3.975279	7.934285	11.909564	20.912026
158.1	4.061404	7.472562	11.533966	21.061484
158.2	6.999990	4.441089	11.441079	21.232979
158.3	8.743424	3.031352	11.774776	21.390330
158.4	6.813374	5.259800	12.073173	21.504345
158.5	3.859307	8.057667	11.916974	21.561280
158.6	3.975042	7.550789	11.525830	21.566314
158.7	6.922417	4.530307	11.452724	21.540787
158.8	8.462873	3.336054	11.798926	21.514038
158.9	6.410601	5.651772	12.062372	21.512621
159	3.833077	8.016608	11.849685	21.550665
159.1	4.717202	6.735046	11.452248	21.624860
159.2	8.117487	3.335378	11.452865	21.715946
159.3	9.208189	2.683133	11.891322	21.796315
159.4	6.071813	6.098232	12.170045	21.841075
159.5	2.743799	9.128557	11.872356	21.838587
159.6	3.908513	7.462424	11.370937	21.796507
159.7	8.312359	3.037510	11.349869	21.740856
159.8	10.151838	1.709591	11.861428	21.708067
159.9	6.900812	5.322101	12.222913	21.732504
160	2.926713	9.008475	11.935188	21.833705
160.1	3.677835	7.704354	11.382189	22.007893
160.2	8.164452	3.164240	11.328692	22.227030
160.3	10.120937	1.749776	11.870713	22.446123
160.4	6.550548	5.725673	12.276220	22.616728
160.5	2.065454	9.902773	11.968227	22.702298
160.6	2.849715	8.480432	11.330147	22.690310
160.7	8.194211	3.022781	11.216993	22.597017
160.8	11.157401	0.646018	11.803420	22.463081
160.9	7.741887	4.584349	12.326236	22.341349
161	2.331084	9.762731	12.093815	22.280679
161.1	1.946237	9.469929	11.416167	22.311043
161.2	6.911654	4.283540	11.195195	22.434678
161.3	10.465466	1.250315	11.715781	22.626053
161.4	7.870783	4.394756	12.265539	22.840447
161.5	2.758650	9.340811	12.099460	23.028101
161.6	2.148114	9.299347	11.447461	23.149174
161.7	6.892910	4.308322	11.201232	23.184612
161.8	10.502533	1.200588	11.703121	23.139621
161.9	7.952942	4.324493	12.277435	23.039077
162	2.560405	9.580954	12.141360	22.916968
162.1	1.585059	9.880161	11.465220	22.803935
162.2	6.462586	4.686039	11.148626	22.717384
162.3	10.828894	0.785028	11.613922	22.657521
162.4	8.996871	3.245609	12.242480	22.610330
162.5	3.490474	8.716495	12.206968	22.555940
162.6	1.583329	9.989323	11.572652	22.478872
162.7	5.602569	5.589820	11.192390	22.376092
162.8	10.012197	1.543672	11.555869	22.259700
162.9	9.002288	3.147651	12.149939	22.153193
163	4.212430	7.959804	12.172234	22.082705
163.1	2.288965	9.322065	11.611030	22.066527
163.2	5.825452	5.412306	11.237758	22.106915
163.3	9.990153	1.561611	11.551764	22.187373
163.4	9.191496	2.928072	12.119569	22.276623
163.5	4.570689	7.610736	12.181425	22.338037
163.6	2.284319	9.389431	11.673750	22.341308
163.7	5.183058	6.103356	11.286414	22.272312
163.8	9.220437	2.294446	11.514883	22.137699
163.9	9.158169	2.857176	12.015345	21.962644
164	5.517709	6.593502	12.111211	21.782546
164.1	3.445714	8.270161	11.715875	21.631588
164.2	5.482076	5.927145	11.409221	21.532118
164.3	8.332876	3.274936	11.607812	21.488426
164.4	7.801831	4.200863	12.002694	21.486903
164.5	4.699401	7.322935	12.022336	21.502278
164.6	3.525594	8.115079	11.640674	21.507497
164.7	6.025179	5.373897	11.399075	21.483614
164.8	8.758088	2.877743	11.635831	21.426171
164.9	7.976868	4.040591	12.017459	21.345911
165	4.834098	7.184040	12.018137	21.263766
165.1	3.646170	8.010220	11.656390	21.202147
165.2	5.803781	5.649405	11.453186	21.175864
165.3	7.958433	3.727640	11.686073	21.186076
165.4	6.937200	5.064828	12.002028	21.219544
165.5	4.302379	7.629711	11.932090	21.253468
165.6	4.054395	7.514871	11.569266	21.264210
165.7	6.782482	4.658363	11.440845	21.236733
165.8	8.669810	3.081819	11.751629	21.171355
165.9	6.886812	5.188662	12.075474	21.085307
166	3.751837	8.195763	11.947600	21.008394
166.1	3.629767	7.900803	11.530570	20.974071
166.2	6.788696	4.614273	11.402969	21.008812
166.3	8.900184	2.848278	11.748462	21.123224
166.4	7.057588	5.027035	12.084623	21.307772
166.5	3.923776	8.008971	11.932747	21.534482
166.6	4.047195	7.454407	11.501602	21.764065
166.7	7.371269	4.039148	11.410417	21.956244
166.8	9.133551	2.679667	11.813218	22.080185
166.9	6.558456	5.594234	12.152690	22.122001
167	3.046788	8.876423	11.923211	22.087380
167.1	3.709731	7.692791	11.402523	21.998917
167.2	8.134091	3.174547	11.308637	21.889308
167.3	10.516089	1.295313	11.811402	21.792622
167.4	7.420152	4.838637	12.258789	21.736202
167.5	2.705184	9.332417	12.037601	21.735251
167.6	2.605931	8.815774	11.421705	21.791161
167.7	7.327926	3.903455	11.231381	21.893455
167.8	10.590180	1.139833	11.730014	22.024252
167.9	8.002039	4.248783	12.250822	22.163659
168	3.057149	9.028969	12.086119	22.294562
168.1	2.496327	8.956087	11.452414	22.405712
168.2	7.147329	4.065190	11.212520	22.492727
168.3	10.668289	1.040310	11.708599	22.557211
168.4	8.073698	4.209035	12.282734	22.604667
168.5	2.600954	9.551281	12.152234	22.641965
168.6	1.525359	9.946045	11.471404	22.675087
168.7	6.408248	4.731598	11.139846	22.707603
168.8	10.899334	0.701375	11.600709	22.740086
168.9	9.144561	3.098926	12.243487	22.770456
169	3.559183	8.661099	12.220282	22.795062
169.1	1.535069	10.044391	11.579460	22.810211
169.2	5.534925	5.656321	11.191246	22.813750
169.3	9.905408	1.665019	11.570426	22.806260
169.4	8.631007	3.556699	12.187706	22.791458
169.5	3.487892	8.706857	12.194748	22.775535
169.6	1.588269	9.987180	11.575450	22.765416
169.7	5.696257	5.470133	11.166389	22.766317
169.8	10.438680	1.086297	11.524976	22.779279
169.9	9.509086	2.669094	12.178180	22.799543
170	4.119568	8.140944	12.260512	22.816535
170.1	1.350662	10.321364	11.672026	22.815829
170.2	4.712815	6.486224	11.199038	22.782837
170.3	9.617201	1.835929	11.453131	22.707306
170.4	9.670201	2.397687	12.067887	22.587301
170.5	5.147831	7.069667	12.217498	22.431275
170.6	2.332421	9.396389	11.728809	22.257302
170.7	4.908678	6.376578	11.285256	22.089388
170.8	9.170187	2.310252	11.480439	21.951705
170.9	9.294726	2.732344	12.027071	21.862376
171	5.249666	6.926166	12.175831	21.828697
171.1	2.628245	9.110578	11.738823	21.845315
171.2	4.936802	6.384056	11.320859	21.895975
171.3	8.974970	2.502546	11.477516	21.958301
171.4	9.384244	2.589899	11.974143	22.010070
171.5	5.869384	6.268718	12.138102	22.034919
171.6	3.285155	8.496106	11.781261	22.025692
171.7	4.842552	6.579191	11.421743	21.984450
171.8	7.960693	3.579284	11.539977	21.919441
171.9	8.218406	3.710734	11.929141	21.840397
172	5.546787	6.476539	12.023326	21.754154
172.1	4.023131	7.682205	11.705335	21.662400
172.2	5.866519	5.586025	11.452544	21.562464
172.3	8.292946	3.346563	11.639509	21.450794
172.4	7.604274	4.397161	12.001435	21.327565
172.5	4.569656	7.445451	12.015107	21.200253
172.6	3.405056	8.242766	11.647822	21.084285
172.7	5.802295	5.606861	11.409156	20.999921
172.8	8.489983	3.142277	11.632260	20.966021
172.9	7.804783	4.197815	12.002598	20.992758
173	4.820840	7.181562	12.002402	21.076029
173.1	3.779160	7.864164	11.643324	21.196028
173.2	6.039301	5.409036	11.448337	21.321127
173.3	8.151051	3.552600	11.703651	21.416397
173.4	6.839901	5.201330	12.041230	21.454282
173.5	3.840714	8.115504	11.956218	21.423941
173.6	3.586170	7.952073	11.538243	21.335924
173.7	6.845564	4.525510	11.371074	21.220219
173.8	9.343238	2.371627	11.714864	21.117881
173.9	7.578354	4.536958	12.115312	21.068670
174	3.843172	8.172534	12.015706	21.098621
174.1	3.249523	8.291510	11.541033	21.211690
174.2	6.646554	4.701206	11.347760	21.388344
174.3	9.293727	2.422115	11.715841	21.591728
174.4	7.388022	4.750253	12.138275	21.779450
174.5	3.517023	8.490983	12.008005	21.917072
174.6	3.270096	8.206228	11.476325	21.988752
174.7	7.406681	3.871553	11.278234	22.001418
174.8	10.445630	1.278945	11.724575	21.981050
174.9	7.997487	4.241560	12.239048	21.962421
175	2.999342	9.114092	12.113433	21.975903
175.1	2.090499	9.392583	11.483082	22.036071
175.2	6.688930	4.490535	11.179465	22.136187
175.3	10.843366	0.777172	11.620538	22.250629
175.4	9.049646	3.180630	12.230276	22.344502
175.5	3.668717	8.527465	12.196182	22.387073
175.6	1.854958	9.708713	11.563671	22.364253
175.7	5.966570	5.218420	11.184990	22.285564
175.8	10.359645	1.214068	11.573713	22.182891
175.9	8.987952	3.217647	12.205599	22.101166
176	3.616778	8.603443	12.220221	22.083936
176.1	1.511862	10.074120	11.585982	22.158654
176.2	5.631390	5.521291	11.152682	22.326679
176.3	10.542976	0.967587	11.510563	22.561477
176.4	9.645118	2.545709	12.190826	22.815744
176.5	4.027486	8.261816	12.289302	23.035201
176.6	1.049253	10.627733	11.676986	23.174564
176.7	4.535591	6.633771	11.169362	23.210518
176.8	9.748749	1.682304	11.431053	23.147577
176.9	9.815902	2.277562	12.093464	23.015162
177	4.886039	7.379515	12.265555	22.857158
177.1	1.736697	9.998179	11.734876	22.717681
177.2	4.527824	6.709559	11.237384	22.627854
177.3	9.270268	2.177934	11.448202	22.597864
177.4	9.382447	2.688734	12.071181	22.616523
177.5	4.668344	7.583668	12.252012	22.657919
177.6	1.553873	10.185263	11.739136	22.692310
177.7	4.369643	6.848589	11.218232	22.697102
177.8	9.524252	1.858383	11.382635	22.664019
177.9	10.347280	1.660809	12.008090	22.600154
178	5.944958	6.324977	12.269935	22.522981
178.1	2.193642	9.655800	11.849442	22.451653
178.2	3.787855	7.545033	11.332889	22.398183
178.3	8.194658	3.202006	11.396665	22.362044
178.4	9.431937	2.478095	11.910032	22.330292
178.5	6.188641	5.966212	12.154852	22.283134
178.6	3.258175	8.560081	11.818257	22.202758
178.7	4.713289	6.678033	11.391322	22.081944
178.8	8.416071	3.048260	11.464331	21.929030
178.9	9.214132	2.706532	11.920664	21.767117
179	6.089839	6.036692	12.126531	21.627540
179.1	3.371909	8.443919	11.815828	21.539740
179.2	4.622873	6.812167	11.435040	21.521068
179.3	7.861799	3.638469	11.500269	21.570133
179.4	8.582525	3.306646	11.889171	21.666129
179.5	6.058356	5.985452	12.043808	21.774506
179.6	4.091580	7.674914	11.766494	21.857144
179.7	5.421682	6.057973	11.479655	21.883672
179.8	7.877445	3.726422	11.603867	21.840188
179.9	7.657709	4.296633	11.954342	21.732594
180	4.914104	7.098118	12.012222	21.583612
180.1	3.597448	8.078561	11.676009	21.424721
180.2	5.769876	5.647549	11.417425	21.285907
180.3	8.520473	3.093338	11.613811	21.186750
180.4	7.974961	4.027941	12.002902	21.131745
180.5	4.796737	7.244923	12.041660	21.111176
180.6	3.348817	8.323939	11.672756	21.106884
180.7	5.586652	5.827321	11.413973	21.100587
180.8	8.275007	3.356065	11.631073	21.081625
180.9	7.547151	4.466996	12.014147	21.051351
181	4.441889	7.566351	12.008240	21.022669
181.1	3.517584	8.088547	11.606131	21.015008
181.2	6.337047	5.042037	11.379084	21.046629
181.3	9.021390	2.654440	11.675830	21.127062
181.4	7.571474	4.533987	12.105461	21.252388
181.5	3.675409	8.381208	12.056617	21.405033
181.6	2.696286	8.863108	11.559393	21.558209
181.7	6.290455	4.989950	11.280405	21.683552
181.8	9.846134	1.771565	11.617698	21.759502
181.9	8.592453	3.538557	12.131010	21.777776
182	4.200598	7.920604	12.121202	21.745961
182.1	2.674280	8.918803	11.593083	21.685523
182.2	6.148999	5.122544	11.271543	21.625932
182.3	9.811800	1.803257	11.615057	21.596724
182.4	8.411144	3.754653	12.165797	21.619800
182.5	3.627109	8.525810	12.152919	21.704027
182.6	2.061262	9.494228	11.555490	21.843417
182.7	6.262606	4.904492	11.167099	22.019089
182.8	10.947811	0.588525	11.536337	22.204187
182.9	9.843820	2.359650	12.203470	22.370320
183	4.162992	8.126543	12.289536	22.493853
183.1	1.210755	10.461089	11.671844	22.560654
183.2	4.760183	6.402276	11.162459	22.568450
183.3	10.022229	1.408461	11.430690	22.526542
183.4	10.024935	2.083517	12.108453	22.453237
183.5	4.904129	7.381134	12.285262	22.371715
183.6	1.641607	10.089902	11.731509	22.305236
183.7	4.618516	6.584829	11.203345	22.272644
183.8	9.721250	1.697685	11.418935	22.284970
183.9	9.932847	2.155753	12.088600	22.343731
184	4.838432	7.468612	12.307044	22.441233
184.1	1.210623	10.564598	11.775221	22.562765
184.2	3.904285	7.297889	11.202174	22.690194
184.3	9.347604	2.002033	11.349637	22.806131
184.4	10.357154	1.655606	12.012760	22.897607
184.5	5.727313	6.578433	12.305746	22.958340
184.6	1.709390	10.144406	11.853796	22.988968
184.7	3.534659	7.746463	11.281122	22.995239
184.8	8.497397	2.856290	11.353687	22.984798
184.9	9.810040	2.141512	11.951553	22.963668
185	5.819048	6.433432	12.252480	22.933710
185.1	2.095721	9.758347	11.854068	22.892035
185.2	3.758376	7.547770	11.306145	22.832660
185.3	8.568251	2.782599	11.350850	22.749902
185.4	10.065802	1.855196	11.920998	22.642240
185.5	6.310604	5.937160	12.247764	22.515105
185.6	2.374228	9.530851	11.905079	22.381311
185.7	3.421697	7.944036	11.365733	22.258587
185.8	7.901755	3.439452	11.341207	22.164763
185.9	9.898581	1.932114	11.830695	22.112069
186	7.125370	5.035064	12.160435	22.102522
186.1	3.665016	8.251004	11.916019	22.126158
186.2	4.099331	7.376763	11.476094	22.163023
186.3	7.376719	4.074264	11.450983	22.188555
186.4	8.679951	3.161354	11.841305	22.180782
186.5	6.294445	5.779269	12.073714	22.127029
186.6	3.817967	8.004829	11.822796	22.027863
186.7	4.890675	6.563670	11.454345	21.896897
186.8	8.057337	3.434463	11.491800	21.756428
186.9	8.910014	2.969801	11.879815	21.630372
187	6.305153	5.771148	12.076302	21.536879
187.1	3.863793	7.957848	11.821641	21.483188
187.2	4.787931	6.704114	11.492045	21.464428
187.3	7.433345	4.118107	11.551452	21.466711
187.4	7.843055	4.050018	11.893073	21.473212
187.5	5.494448	6.510430	12.004878	21.470880
187.6	4.002852	7.711871	11.714723	21.455153
187.7	5.791880	5.653887	11.445767	21.430830
187.8	8.415841	3.194293	11.610134	21.408749
187.9	7.932601	4.069151	12.001752	21.399612
188	4.642828	7.423476	12.066303	21.407489
188.1	2.948956	8.737889	11.686845	21.425855
188.2	5.280975	6.092488	11.373463	21.438114
188.3	8.553638	3.010404	11.564042	21.422932
188.4	8.306824	3.695392	12.002216	21.362748
188.5	4.920384	7.158523	12.078907	21.252429
188.6	3.170081	8.513023	11.683104	21.104625
188.7	5.560991	5.810839	11.371831	20.949334
188.8	8.705012	2.892528	11.597539	20.827072
188.9	7.984297	4.073789	12.058086	20.777374
189	4.160036	7.936317	12.096353	20.826183
189.1	2.586787	9.036210	11.622997	20.976384
189.2	5.810548	5.464974	11.275521	21.204941
189.3	9.742452	1.812329	11.554781	21.468060
189.4	9.006618	3.104392	12.111009	21.713119
189.5	4.391775	7.797724	12.189499	21.893779
189.6	2.068812	9.593439	11.662251	21.983448
189.7	5.299610	5.931762	11.231372	21.982710
189.8	9.840670	1.649571	11.490240	21.918230
189.9	9.534870	2.567446	12.102317	21.833455
190	4.716140	7.519688	12.235829	21.774185
190.1	1.935199	9.758277	11.693477	21.773818
190.2	5.125635	6.076790	11.202425	21.843163
190.3	10.105400	1.337379	11.442779	21.968170
190.4	10.055837	2.057607	12.113444	22.116154
190.5	4.779658	7.534997	12.314655	22.248234
190.6	1.194858	10.561353	11.756211	22.333510
190.7	4.178193	6.987025	11.165217	22.360026
190.8	9.960267	1.366029	11.326297	22.338675
190.9	11.020645	1.011211	12.031856	22.298755
191	6.031430	6.323480	12.354910	22.276836
191.1	1.567190	10.316451	11.883641	22.302952
191.2	3.315969	7.946340	11.262310	22.389073
191.3	8.593131	2.724289	11.317419	22.524002
191.4	10.135164	1.816354	11.951518	22.676577
191.5	5.939770	6.351052	12.290822	22.806101
191.6	1.862725	10.011518	11.874243	22.876416
191.7	3.573200	7.698780	11.271980	22.868705
191.8	8.836854	2.469270	11.306125	22.788575
191.9	10.542347	1.395391	11.937739	22.664948
192	6.304379	6.018907	12.323286	22.541084
192.1	1.660349	10.291859	11.952209	22.460792
192.2	2.634710	8.689770	11.324481	22.454455
192.3	7.765537	3.501550	11.267087	22.529504
192.4	10.238347	1.590976	11.829323	22.668377
192.5	7.045532	5.196826	12.242358	22.834432
192.6	2.784195	9.185083	11.969278	22.983575
192.7	3.209221	8.201481	11.410702	23.077583
192.8	7.500825	3.831569	11.332394	23.094688
192.9	9.641103	2.182130	11.823233	23.034169
193	6.734493	5.464058	12.198552	22.913890
193.1	2.842349	9.106277	11.948626	22.762220
193.2	3.307351	8.114082	11.421433	22.607593
193.3	7.516213	3.812073	11.328286	22.469556
193.4	9.892949	1.884584	11.777533	22.354352
193.5	7.498174	4.655523	12.153696	22.256185
193.6	3.785007	8.186720	11.971726	22.163163
193.7	3.656116	7.859619	11.515735	22.065152
193.8	6.883732	4.528284	11.412016	21.960225
193.9	8.818293	2.947224	11.765518	21.857032
194	7.001270	5.051822	12.053092	21.772098
194.1	4.346567	7.533952	11.880519	21.723114
194.2	4.725619	6.795674	11.521294	21.720853
194.3	7.459849	4.041289	11.501138	21.762964
194.4	8.465249	3.379064	11.844313	21.832245
194.5	6.207868	5.842773	12.050641	21.900374
194.6	3.902882	7.915788	11.818670	21.936068
194.7	4.879824	6.597605	11.477429	21.914983
194.8	7.787769	3.727513	11.515282	21.827939
194.9	8.498341	3.382514	11.880855	21.684603
195	5.997172	6.056513	12.053685	21.511232
195.1	3.848582	7.938723	11.787305	21.343134
195.2	5.095923	6.370927	11.466851	21.214273
195.3	7.846829	3.716072	11.562901	21.147358
195.4	7.925209	4.024398	11.949607	21.147600
195.5	4.937864	7.127861	12.065726	21.201998
195.6	3.077001	8.635855	11.712856	21.284200
195.7	5.271500	6.093143	11.364643	21.363151
195.8	8.821968	2.700699	11.522667	21.412608
195.9	8.872694	3.127495	12.000190	21.418473
196	5.152094	6.999182	12.151276	21.381776
196.1	2.570112	9.188977	11.759089	21.316704
196.2	4.577337	6.776746	11.354084	21.244697
196.3	8.354581	3.139710	11.494291	21.186888
196.4	8.633549	3.351952	11.985501	21.157479
196.5	5.039777	7.095197	12.134974	21.160166
196.6	2.740838	8.973764	11.714602	21.188525
196.7	5.269904	6.031991	11.301895	21.229884
196.8	9.372859	2.123225	11.496084	21.271043
196.9	9.250840	2.817730	12.068571	21.303756
197	4.649184	7.589863	12.239047	21.328066
197.1	1.601600	10.137560	11.739160	21.352464
197.2	4.422527	6.790764	11.213291	21.390946
197.3	9.669193	1.703331	11.372524	21.458044
197.4	10.498415	1.525142	12.023557	21.563496
197.5	5.819853	6.484056	12.303909	21.708238
197.6	1.885761	9.950633	11.836394	21.882899
197.7	3.963554	7.285408	11.248962	22.069184
197.8	9.210135	2.127926	11.338060	22.243711
197.9	10.448119	1.541665	11.989783	22.383249
198	5.878716	6.443471	12.322187	22.470000
198.1	1.620042	10.252976	11.873017	22.495708
198.2	3.522484	7.711616	11.234100	22.463694
198.3	9.217689	2.047775	11.265465	22.388442
198.4	11.168208	0.769712	11.937920	22.292875
198.5	6.717325	5.646535	12.363860	22.203872
198.6	1.669792	10.311381	11.981173	22.146924
198.7	2.582373	8.719536	11.301909	22.140931
198.8	8.089095	3.134137	11.223232	22.194217
198.9	10.835930	0.995681	11.831611	22.302609
199	7.322593	4.980992	12.303585	22.450130
199.1	2.420684	9.599872	12.020557	22.612298
199.2	2.652468	8.734923	11.387391	22.761471
199.3	7.445449	3.819502	11.264951	22.873073
199.4	10.108430	1.695855	11.804285	22.931240
199.5	7.003207	5.256005	12.259212	22.932405
199.6	2.409632	9.600282	12.009914	22.885808
199.7	2.618588	8.778497	11.397084	22.810673
199.8	7.405829	3.842028	11.247857	22.730769
199.9	10.405949	1.350816	11.756765	22.667863
200	7.711800	4.526581	12.238381	22.635946
