#time	ekin		epot		etot		chain_length
0	11.740600	0.000000	11.740600	22.000000
10	8.675208	6.601042	15.276250	22.940800
20	1.859007	9.544358	11.403365	21.511290
30	4.339160	3.486045	7.825205	21.867490
40	9.026095	6.979958	16.006053	22.567379
50	4.954327	11.229597	16.183924	21.705299
60	4.682790	4.227157	8.909947	21.488150
70	10.315678	2.312324	12.628002	23.015578
80	7.386912	8.015746	15.402658	22.060210
90	2.325543	5.745324	8.070867	21.125233
100	6.508672	2.546546	9.055218	22.378459
110	7.408085	8.902856	16.310941	21.811205
120	2.558721	10.226228	12.784948	21.320511
130	6.111034	3.661934	9.772968	22.530834
140	10.601522	5.498221	16.099743	22.826830
150	5.832155	8.794070	14.626225	21.236508
160	4.292500	2.983504	7.276004	21.939346
170	8.367657	2.864759	11.232416	22.484041
180	5.531067	9.551104	15.082172	21.239662
190	1.693515	7.471345	9.164860	22.233696
200	7.071480	3.898971	10.970451	22.985705
