#time	ekin		epot		etot		chain_length
0	11.740600	0.000000	11.740600	22.000000
0.1	8.332527	3.408132	11.740659	22.306748
0.2	2.542889	9.197753	11.740642	22.555804
0.3	1.800177	9.940394	11.740571	22.705976
0.4	6.754005	4.986537	11.740542	22.743829
0.5	10.614247	1.126343	11.740590	22.686221
0.6	8.333348	3.407301	11.740648	22.573507
0.7	3.236665	8.503973	11.740639	22.455908
0.8	2.325350	9.415225	11.740576	22.377654
0.9	6.777208	4.963338	11.740546	22.364124
1	10.470610	1.269979	11.740589	22.415997
1.1	8.351242	3.389404	11.740647	22.511897
1.2	3.220838	8.519803	11.740641	22.618130
1.3	1.869328	9.871254	11.740582	22.701725
1.4	5.950579	5.789968	11.740547	22.742096
1.5	9.924187	1.816396	11.740583	22.737335
1.6	8.622922	3.117717	11.740639	22.703221
1.7	4.060593	7.680048	11.740640	22.665728
1.8	2.429350	9.311238	11.740588	22.650061
1.9	5.664332	6.076223	11.740555	22.670416
2	9.077360	2.663225	11.740584	22.724229
2.1	7.990098	3.750535	11.740633	22.792928
2.2	4.074116	7.666517	11.740633	22.848804
2.3	2.840279	8.900308	11.740587	22.865370
2.4	5.997986	5.742574	11.740559	22.827390
2.5	9.229104	2.511483	11.740587	22.736934
2.6	8.217474	3.523159	11.740633	22.613289
2.7	4.473654	7.266981	11.740635	22.486796
2.8	3.071579	8.669013	11.740593	22.388828
2.9	5.684786	6.055781	11.740567	22.341431
3	8.555621	3.184969	11.740590	22.350185
3.1	7.910010	3.830617	11.740627	22.402643
3.2	5.062456	6.678172	11.740628	22.472686
3.3	4.235460	7.505133	11.740594	22.529101
3.4	6.474764	5.265811	11.740575	22.545311
3.5	8.327280	3.413317	11.740598	22.506948
3.6	6.973293	4.767335	11.740628	22.414887
3.7	4.346210	7.394409	11.740619	22.283078
3.8	4.346813	7.393770	11.740583	22.132378
3.9	7.176353	4.564217	11.740570	21.982892
4	8.939195	2.801403	11.740598	21.847721
4.1	7.152228	4.588400	11.740628	21.730247
4.2	4.325125	7.415490	11.740615	21.625679
4.3	4.430507	7.310070	11.740577	21.525878
4.4	7.204569	4.536001	11.740570	21.425299
4.5	8.448164	3.292440	11.740604	21.325520
4.6	6.070424	5.670208	11.740631	21.236431
4.7	3.317599	8.423011	11.740610	21.173508
4.8	4.357869	7.382697	11.740566	21.152096
4.9	8.210376	3.530186	11.740562	21.180823
5	9.697212	2.043396	11.740608	21.256644
5.1	6.492056	5.248588	11.740644	21.363494
5.2	2.599153	9.141466	11.740620	21.475273
5.3	3.155590	8.584976	11.740566	21.562430
5.4	7.417501	4.323055	11.740556	21.600116
5.5	9.620034	2.120569	11.740603	21.575379
5.6	6.785084	4.955559	11.740643	21.491136
5.7	2.862493	8.878129	11.740621	21.365701
5.8	3.369191	8.371376	11.740567	21.228043
5.9	7.723034	4.017521	11.740556	21.110220
6	9.871823	1.868782	11.740605	21.039213
6.1	6.591509	5.149140	11.740649	21.030460
6.2	2.145720	9.594904	11.740624	21.084737
6.3	2.693262	9.047299	11.740561	21.188973
6.4	7.830228	3.910316	11.740544	21.320465
6.5	10.855637	0.884961	11.740598	21.453083
6.6	7.687428	4.053224	11.740652	21.563682
6.7	2.474584	9.266050	11.740634	21.637122
6.8	2.164916	9.575650	11.740566	21.668842
6.9	7.181840	4.558700	11.740540	21.664702
7	10.792372	0.948218	11.740590	21.638496
7.1	8.141558	3.599091	11.740649	21.608024
7.2	2.830076	8.910560	11.740636	21.590766
7.3	2.107494	9.633076	11.740570	21.600148
7.4	7.083403	4.657137	11.740539	21.643105
7.5	11.150198	0.590389	11.740587	21.719300
7.6	8.808364	2.932288	11.740651	21.822006
7.7	3.068147	8.672500	11.740646	21.940354
7.8	1.480718	10.259861	11.740579	22.062365
7.9	6.111029	5.629508	11.740537	22.178045
8	10.856071	0.884506	11.740577	22.281735
8.1	9.602988	2.137657	11.740645	22.373085
8.2	4.235919	7.504733	11.740652	22.456291
8.3	1.885829	9.854764	11.740594	22.537712
8.4	5.347270	6.393281	11.740551	22.622534
8.5	9.583012	2.157570	11.740582	22.711517
8.6	8.775125	2.965516	11.740640	22.799013
8.7	4.169276	7.571373	11.740648	22.873200
8.8	2.175733	9.564863	11.740596	22.918823
8.9	5.558753	6.181803	11.740556	22.921907
9	9.756673	1.983910	11.740582	22.875129
9.1	9.152803	2.587835	11.740638	22.782045
9.2	4.608133	7.132516	11.740649	22.658541
9.3	2.120030	9.620572	11.740603	22.530541
9.4	4.693631	7.046930	11.740562	22.428187
9.5	8.542469	3.198111	11.740580	22.377900
9.6	8.511140	3.229489	11.740630	22.394615
9.7	5.030968	6.709674	11.740641	22.476661
9.8	3.182048	8.558554	11.740603	22.605121
9.9	5.504890	6.235679	11.740570	22.748184
10	8.616452	3.124137	11.740589	22.869448
10.1	8.101659	3.638973	11.740632	22.937778
10.2	4.669154	7.071488	11.740641	22.935741
10.3	3.066122	8.674480	11.740603	22.863993
10.4	5.464599	6.275973	11.740572	22.740258
10.5	8.574445	3.166145	11.740590	22.593272
10.6	8.320243	3.420387	11.740630	22.453694
10.7	5.389753	6.350883	11.740636	22.344999
10.8	3.999113	7.741490	11.740603	22.277283
10.9	5.873478	5.867101	11.740579	22.245904
11	8.012283	3.728314	11.740598	22.235115
11.1	7.222994	4.517635	11.740629	22.225156
11.2	4.775302	6.965323	11.740625	22.200041
11.3	4.489963	7.250629	11.740592	22.153133
11.4	7.062063	4.678514	11.740577	22.088508
11.5	8.867973	2.872633	11.740606	22.017750
11.6	7.117848	4.622790	11.740639	21.953598
11.7	4.037787	7.702843	11.740629	21.903128
11.8	3.938160	7.802428	11.740588	21.863359
11.9	7.099653	4.640921	11.740573	21.821284
12	9.160734	2.579874	11.740608	21.758621
12.1	7.137339	4.603306	11.740645	21.659658
12.2	3.744205	7.996426	11.740631	21.519252
12.3	3.765555	7.975030	11.740585	21.347738
12.4	7.302218	4.438353	11.740571	21.170467
12.5	9.381270	2.359341	11.740611	21.021594
12.6	6.790577	4.950075	11.740651	20.933861
12.7	2.788706	8.951928	11.740633	20.927740
12.8	2.910119	8.830460	11.740579	21.003767
12.9	7.323148	4.417412	11.740559	21.140964
13	10.284616	1.455988	11.740604	21.302251
13.1	7.770602	3.970053	11.740655	21.445303
13.2	3.033556	8.707086	11.740643	21.535352
13.3	2.350122	9.390462	11.740584	21.555631
13.4	6.533025	5.207533	11.740558	21.511899
13.5	9.769482	1.971118	11.740600	21.429440
13.6	7.538589	4.202063	11.740652	21.343586
13.7	2.893719	8.846922	11.740641	21.287070
13.8	2.404436	9.336142	11.740579	21.278662
13.9	7.105475	4.635075	11.740551	21.317129
14	10.819117	0.921480	11.740597	21.382679
14.1	8.385191	3.355467	11.740658	21.445359
14.2	2.783929	8.956723	11.740652	21.477362
14.3	1.373562	10.367024	11.740585	21.464742
14.4	6.094450	5.646095	11.740545	21.414132
14.5	10.790239	0.950347	11.740585	21.351825
14.6	9.362149	2.378503	11.740652	21.315282
14.7	3.882750	7.857906	11.740656	21.339857
14.8	1.771644	9.968948	11.740592	21.445393
14.9	5.820540	5.920007	11.740547	21.627497
15	10.480125	1.260456	11.740581	21.856812
15.1	9.382611	2.358037	11.740647	22.086901
15.2	3.944559	7.796097	11.740657	22.268359
15.3	1.472874	10.267722	11.740596	22.364544
15.4	5.354362	6.386183	11.740545	22.363703
15.5	10.522992	1.217580	11.740572	22.283345
15.6	10.228950	1.511690	11.740640	22.165293
15.7	4.963105	6.777555	11.740660	22.062965
15.8	1.646703	10.093905	11.740607	22.024947
15.9	4.372365	7.368191	11.740557	22.080202
16	9.178648	2.561924	11.740572	22.229585
16.1	9.635697	2.104934	11.740632	22.446252
16.2	5.439422	6.301231	11.740653	22.684544
16.3	2.480774	9.259838	11.740611	22.894218
16.4	4.653547	7.087018	11.740565	23.035253
16.5	8.708344	3.032233	11.740577	23.088513
16.6	8.950270	2.790360	11.740630	23.059131
16.7	5.076516	6.664133	11.740649	22.972076
16.8	2.440783	9.299826	11.740609	22.861965
16.9	4.627899	7.112666	11.740564	22.761011
17	8.637768	3.102808	11.740576	22.689298
17.1	9.116229	2.624397	11.740626	22.650501
17.2	5.611356	6.129291	11.740646	22.634017
17.3	2.948545	8.792067	11.740612	22.622120
17.4	4.500433	7.240138	11.740571	22.599049
17.5	7.764189	3.976390	11.740579	22.558429
17.6	8.134109	3.606510	11.740620	22.506230
17.7	5.338739	6.401894	11.740634	22.458307
17.8	3.591474	8.149128	11.740602	22.433635
17.9	5.503260	6.237312	11.740572	22.445940
18	8.432310	3.308276	11.740587	22.497011
18.1	8.291328	3.449298	11.740626	22.574279
18.2	5.303813	6.436823	11.740636	22.653633
18.3	3.611494	8.129110	11.740604	22.706555
18.4	5.418219	6.322357	11.740576	22.709046
18.5	8.002442	3.738150	11.740592	22.649247
18.6	7.734272	4.006354	11.740626	22.531130
18.7	5.267346	6.473283	11.740629	22.373086
18.8	4.478967	7.261631	11.740597	22.202004
18.9	6.720255	5.020322	11.740578	22.044979
19	8.705364	3.035238	11.740602	21.921497
19.1	7.219965	4.520672	11.740637	21.838645
19.2	3.986929	7.753702	11.740631	21.790724
19.3	3.546920	8.193668	11.740588	21.763029
19.4	6.847041	4.893525	11.740566	21.738175
19.5	9.582677	2.157921	11.740598	21.702540
19.6	7.960151	3.780487	11.740638	21.650559
19.7	4.060888	7.679746	11.740634	21.585524
19.8	3.178114	8.562472	11.740586	21.516917
19.9	6.526408	5.214153	11.740561	21.455562
20	9.402258	2.338337	11.740595	21.408609
20.1	7.601196	4.139446	11.740642	21.376336
20.2	3.391333	8.349303	11.740636	21.351964
20.3	2.621912	9.118670	11.740582	21.324526
20.4	6.649739	5.090813	11.740552	21.283659
20.5	10.175253	1.565338	11.740591	21.224508
20.6	8.273133	3.467514	11.740647	21.150890
20.7	3.229295	8.511350	11.740645	21.075486
20.8	1.711454	10.029131	11.740585	21.016864
20.9	5.827403	5.913143	11.740547	20.994234
21	10.148852	1.591730	11.740582	21.021542
21.1	8.921613	2.819031	11.740644	21.102752
21.2	3.840261	7.900388	11.740649	21.229736
21.3	1.803961	9.936629	11.740591	21.383408
21.4	5.568480	6.172069	11.740549	21.537767
21.5	9.952500	1.788081	11.740581	21.665744
21.6	8.854609	2.886035	11.740644	21.745325
21.7	3.642421	8.098231	11.740652	21.764451
21.8	1.455699	10.284895	11.740594	21.723615
21.9	5.557992	6.182554	11.740546	21.635689
22	10.751281	0.989295	11.740576	21.523172
22.1	10.183926	1.556721	11.740646	21.413557
22.2	4.517077	7.223588	11.740665	21.333838
22.3	1.126122	10.614485	11.740607	21.305256
22.4	4.343435	7.397114	11.740549	21.339284
22.5	9.777663	1.962904	11.740567	21.435588
22.6	10.262760	1.477875	11.740635	21.582385
22.7	5.395552	6.345108	11.740660	21.759132
22.8	1.905484	9.835127	11.740611	21.941072
22.9	4.510169	7.230385	11.740554	22.104684
23	9.631728	2.108838	11.740566	22.232828
23.1	10.323979	1.416652	11.740631	22.318337
23.2	5.623047	6.117615	11.740662	22.365069
23.3	1.746318	9.994300	11.740619	22.386047
23.4	3.710234	8.030327	11.740561	22.399119
23.5	8.752292	2.988273	11.740565	22.421296
23.6	10.238919	1.501702	11.740621	22.463439
23.7	6.522626	5.218029	11.740654	22.526958
23.8	2.816910	8.923712	11.740622	22.603648
23.9	3.908299	7.832273	11.740572	22.678806
24	7.837548	3.903025	11.740573	22.736691
24.1	8.952161	2.788458	11.740619	22.766513
24.2	5.782405	5.958240	11.740645	22.766830
24.3	2.874878	8.865737	11.740614	22.746690
24.4	4.331864	7.408705	11.740570	22.722858
24.5	8.162353	3.578220	11.740573	22.713884
24.6	9.136768	2.603852	11.740619	22.732938
24.7	5.991969	5.748676	11.740644	22.781953
24.8	3.028632	8.711983	11.740616	22.849316
24.9	4.109846	7.630728	11.740574	22.912292
25	7.496210	4.244365	11.740575	22.943714
25.1	8.505724	3.234891	11.740614	22.920959
25.2	6.030220	5.710416	11.740636	22.834255
25.3	3.816146	7.924464	11.740610	22.691426
25.4	4.985840	6.754738	11.740578	22.517191
25.5	7.687899	4.052685	11.740584	22.346950
25.6	7.920735	3.819885	11.740620	22.216793
25.7	5.340159	6.400471	11.740631	22.152884
25.8	3.743230	7.997372	11.740602	22.163617
25.9	5.591058	6.149514	11.740572	22.237144
26	8.422654	3.317931	11.740585	22.345081
26.1	8.304066	3.436558	11.740623	22.451174
26.2	5.427668	6.312964	11.740632	22.522027
26.3	3.868903	7.871699	11.740602	22.536358
26.4	5.784026	5.956549	11.740575	22.489796
26.5	8.300424	3.440168	11.740592	22.393871
26.6	7.628189	4.112441	11.740630	22.269878
26.7	4.623866	7.116765	11.740631	22.140125
26.8	3.765929	7.974661	11.740591	22.019894
26.9	6.734943	5.005621	11.740563	21.913090
27	9.659399	2.081193	11.740591	21.813072
27.1	8.259366	3.481272	11.740639	21.708110
27.2	3.985293	7.755349	11.740641	21.589114
27.3	2.428983	9.311609	11.740592	21.456348
27.4	5.785469	5.955087	11.740556	21.322186
27.5	9.642092	2.098492	11.740583	21.208454
27.6	8.790477	2.950160	11.740638	21.139051
27.7	4.354937	7.385709	11.740646	21.130453
27.8	2.400105	9.340491	11.740596	21.183736
27.9	5.668089	6.072467	11.740556	21.281428
28	9.677525	2.063059	11.740583	21.390886
28.1	8.724980	3.015662	11.740642	21.473563
28.2	3.788763	7.951888	11.740651	21.497289
28.3	1.458773	10.281822	11.740594	21.447409
28.4	5.076840	6.663707	11.740546	21.332774
28.5	10.034417	1.706154	11.740571	21.184200
28.6	9.790890	1.949747	11.740637	21.045538
28.7	4.660990	7.079667	11.740656	20.960105
28.8	1.473023	10.267582	11.740605	20.956905
28.9	4.422648	7.317904	11.740552	21.041273
29	9.421256	2.319313	11.740570	21.193183
29.1	9.631492	2.109143	11.740635	21.373833
29.2	4.760118	6.980540	11.740658	21.538349
29.3	1.507630	10.232979	11.740609	21.650294
29.4	4.486164	7.254391	11.740555	21.693054
29.5	9.868498	1.872073	11.740570	21.674261
29.6	10.434364	1.306275	11.740639	21.621817
29.7	5.297710	6.442959	11.740670	21.573037
29.8	1.206950	10.533671	11.740621	21.560804
29.9	3.600980	8.139574	11.740554	21.601684
30	9.378976	2.361583	11.740559	21.690203
30.1	11.039243	0.701383	11.740625	21.801323
30.2	6.599365	5.141300	11.740665	21.900216
30.3	2.057633	9.682994	11.740627	21.955829
30.4	3.276292	8.464271	11.740563	21.953375
30.5	8.291548	3.449011	11.740559	21.901215
30.6	10.233088	1.507528	11.740616	21.829539
30.7	6.649776	5.090879	11.740655	21.781110
30.8	2.616515	9.124109	11.740624	21.797126
30.9	3.668611	8.071958	11.740568	21.902960
31	8.334134	3.406429	11.740563	22.098636
31.1	10.284415	1.456201	11.740615	22.357318
31.2	6.932279	4.808376	11.740655	22.632392
31.3	2.765275	8.975354	11.740630	22.870853
31.4	3.139550	8.601026	11.740576	23.028658
31.5	7.183955	4.556608	11.740563	23.083121
31.6	9.318144	2.422462	11.740606	23.038511
31.7	6.944952	4.795689	11.740641	22.923339
31.8	3.696608	8.044014	11.740622	22.780569
31.9	4.098200	7.642379	11.740579	22.654196
32	7.321253	4.419321	11.740573	22.576648
32.1	8.597070	3.143542	11.740612	22.560893
32.2	6.027195	5.713445	11.740640	22.599347
32.3	3.192310	8.548307	11.740617	22.669278
32.4	4.068202	7.672373	11.740575	22.742280
32.5	7.492950	4.247622	11.740572	22.794231
32.6	8.858555	2.882055	11.740609	22.812323
32.7	6.506178	5.234457	11.740636	22.797097
32.8	3.861933	7.878682	11.740615	22.759357
32.9	4.496587	7.243991	11.740579	22.713710
33	7.195260	4.545318	11.740578	22.671550
33.1	7.911002	3.829611	11.740613	22.636285
33.2	5.652891	6.087739	11.740630	22.602538
33.3	3.868684	7.871921	11.740605	22.559406
33.4	5.395854	6.344718	11.740572	22.496268
33.5	8.255821	3.484759	11.740581	22.408686
33.6	8.384064	3.356555	11.740619	22.301931
33.7	5.479592	6.261041	11.740633	22.190661
33.8	3.592410	8.148192	11.740601	22.094730
33.9	5.446186	6.294383	11.740568	22.032587
34	8.478918	3.261660	11.740578	22.014643
34.1	8.355564	3.385056	11.740620	22.039004
34.2	5.161817	6.578815	11.740631	22.091104
34.3	3.466993	8.273601	11.740594	22.147444
34.4	5.904022	5.836538	11.740560	22.182186
34.5	9.207936	2.532643	11.740579	22.174431
34.6	8.548677	3.191951	11.740628	22.113846
34.7	4.412754	7.327885	11.740639	22.002941
34.8	2.341317	9.399275	11.740592	21.855489
34.9	5.455239	6.285311	11.740549	21.691856
35	9.892810	1.847759	11.740569	21.532975
35.1	9.720514	2.020116	11.740630	21.394968
35.2	4.962972	6.777677	11.740649	21.286038
35.3	1.791392	9.949216	11.740609	21.206332
35.4	4.328918	7.411639	11.740557	21.150399
35.5	9.050918	2.689652	11.740570	21.111041
35.6	9.496592	2.244039	11.740631	21.082991
35.7	5.053788	6.686866	11.740655	21.065102
35.8	1.865142	9.875466	11.740608	21.060383
35.9	4.469762	7.270792	11.740553	21.074052
36	9.476826	2.263740	11.740567	21.110491
36.1	10.007563	1.733073	11.740636	21.170301
36.2	5.056879	6.683787	11.740666	21.248567
36.3	1.067845	10.672774	11.740619	21.334973
36.4	3.396312	8.344243	11.740555	21.415758
36.5	9.072612	2.667951	11.740562	21.476951
36.6	10.680532	1.060093	11.740625	21.507961
36.7	6.235929	5.504743	11.740672	21.504524
36.8	1.799877	9.940755	11.740633	21.470266
36.9	3.301014	8.439554	11.740568	21.416488
37	8.581762	3.158805	11.740567	21.360195
37.1	10.378398	1.362231	11.740629	21.320784
37.2	6.184964	5.555706	11.740670	21.316013
37.3	1.672398	10.068231	11.740629	21.358025
37.4	3.054209	8.686354	11.740562	21.450235
37.5	8.698393	3.042161	11.740555	21.585779
37.6	11.266192	0.474424	11.740616	21.748029
37.7	7.468447	4.272219	11.740666	21.913351
37.8	2.357119	9.383521	11.740640	22.055777
37.9	2.523061	9.217513	11.740575	22.152794
38	7.436099	4.304460	11.740559	22.190965
38.1	10.431655	1.308950	11.740605	22.169953
38.2	7.734870	4.005783	11.740653	22.103667
38.3	3.287180	8.453456	11.740635	22.017871
38.4	3.134035	8.606542	11.740577	21.944494
38.5	7.262438	4.478121	11.740559	21.913889
38.6	9.889040	1.851559	11.740600	21.947010
38.7	7.474960	4.265681	11.740641	22.049728
38.8	3.406159	8.334468	11.740626	22.211052
38.9	3.176225	8.564350	11.740576	22.405949
39	6.923246	4.817312	11.740558	22.602121
39.1	9.472606	2.267990	11.740596	22.768792
39.2	7.513284	4.227350	11.740635	22.884880
39.3	3.921033	7.819590	11.740623	22.944024
39.4	3.528658	8.211922	11.740580	22.954884
39.5	6.490664	5.249901	11.740565	22.936675
39.6	8.387459	3.353139	11.740598	22.911491
39.7	6.599320	5.141310	11.740629	22.896065
39.8	3.880653	7.859963	11.740615	22.895860
39.9	4.274965	7.465612	11.740577	22.903599
40	7.316691	4.423878	11.740570	22.902782
40.1	8.705597	3.035008	11.740605	22.874963
40.2	6.405534	5.335099	11.740633	22.808131
40.3	3.524695	8.215917	11.740612	22.703079
40.4	3.962502	7.778070	11.740573	22.575222
40.5	7.001045	4.739521	11.740566	22.450937
40.6	8.423210	3.317389	11.740600	22.359418
40.7	6.483228	5.257396	11.740624	22.322747
40.8	4.251714	7.488892	11.740606	22.347649
40.9	5.074781	6.665792	11.740574	22.421946
41	7.695730	4.044846	11.740576	22.517208
41.1	8.070549	3.670063	11.740612	22.596950
41.2	5.334038	6.406591	11.740629	22.627790
41.3	3.314539	8.426059	11.740598	22.589875
41.4	5.194457	6.546104	11.740561	22.483053
41.5	8.766582	2.973987	11.740569	22.326689
41.6	9.208385	2.532230	11.740615	22.153196
41.7	5.792487	5.948149	11.740636	21.997496
41.8	3.132903	8.607699	11.740602	21.886036
41.9	4.920608	6.819952	11.740559	21.829089
42	8.686571	3.053997	11.740568	21.818866
42.1	9.052319	2.688299	11.740618	21.833882
42.2	5.246619	6.494021	11.740640	21.847761
42.3	2.455883	9.284718	11.740600	21.839127
42.4	4.805693	6.934860	11.740552	21.798919
42.5	9.446444	2.294119	11.740563	21.732460
42.6	10.100357	1.640266	11.740623	21.655696
42.7	5.581687	6.158966	11.740653	21.587202
42.8	1.690622	10.049990	11.740612	21.539235
42.9	3.592521	8.148030	11.740551	21.511489
43	8.801570	2.938983	11.740553	21.490238
43.1	10.373113	1.367502	11.740615	21.453472
43.2	6.200930	5.539723	11.740653	21.380301
43.3	1.897325	9.843293	11.740618	21.261115
43.4	3.248129	8.492427	11.740556	21.104484
43.5	8.365200	3.375353	11.740553	20.937773
43.6	10.205609	1.535005	11.740613	20.800630
43.7	6.142746	5.597909	11.740655	20.733112
43.8	1.630998	10.109625	11.740624	20.762296
43.9	2.894773	8.845785	11.740559	20.892005
44	8.449517	3.291033	11.740550	21.099440
44.1	10.961497	0.779115	11.740612	21.340283
44.2	7.046507	4.694155	11.740662	21.560958
44.3	1.843756	9.896878	11.740634	21.714254
44.4	2.179927	9.560636	11.740563	21.773263
44.5	7.489381	4.251163	11.740544	21.739051
44.6	10.662927	1.077672	11.740599	21.639517
44.7	7.615888	4.124764	11.740652	21.519841
44.8	2.676696	9.063936	11.740633	21.427720
44.9	2.626577	9.113993	11.740571	21.398326
45	7.531726	4.208824	11.740550	21.443958
45.1	10.721875	1.018726	11.740601	21.551679
45.2	7.835519	3.905137	11.740656	21.689512
45.3	2.681169	9.059470	11.740640	21.818775
45.4	2.100012	9.640563	11.740575	21.908160
45.5	6.855576	4.884971	11.740547	21.944605
45.6	10.748786	0.991804	11.740590	21.937262
45.7	8.928074	2.812572	11.740646	21.913351
45.8	4.124497	7.616146	11.740643	21.907535
45.9	2.669437	9.071153	11.740590	21.948720
46	6.013667	5.726895	11.740562	22.048999
46.1	9.189788	2.550805	11.740593	22.198669
46.2	7.884619	3.856019	11.740639	22.369040
46.3	4.201566	7.539069	11.740635	22.522043
46.4	3.429438	8.311151	11.740589	22.623242
46.5	6.629490	5.111078	11.740568	22.653763
46.6	9.313369	2.427231	11.740600	22.617025
46.7	7.777207	3.963434	11.740641	22.538025
46.8	4.149456	7.591180	11.740636	22.455460
46.9	3.293779	8.446815	11.740594	22.409392
47	6.099882	5.640689	11.740571	22.428580
47.1	8.480309	3.260290	11.740599	22.521587
47.2	7.218847	4.521787	11.740634	22.674409
47.3	4.343788	7.396839	11.740627	22.855099
47.4	4.035194	7.705396	11.740591	23.023613
47.5	6.643258	5.097320	11.740578	23.143455
47.6	8.295094	3.445513	11.740607	23.191405
47.7	6.518288	5.222348	11.740636	23.162452
47.8	3.812488	7.928134	11.740621	23.068892
47.9	4.096253	7.644330	11.740583	22.934498
48	7.098173	4.642399	11.740573	22.786230
48.1	8.680521	3.060087	11.740608	22.646473
48.2	6.671281	5.069357	11.740637	22.528256
48.3	3.945453	7.795168	11.740621	22.434591
48.4	4.352197	7.388386	11.740583	22.361433
48.5	7.233995	4.506582	11.740577	22.302528
48.6	8.358238	3.382374	11.740612	22.253890
48.7	6.023110	5.717526	11.740636	22.216072
48.8	3.642969	8.097643	11.740612	22.193429
48.9	4.950073	6.790498	11.740572	22.190916
49	8.473706	3.266868	11.740574	22.209961
49.1	9.283378	2.457243	11.740621	22.245313
49.2	5.891370	5.849278	11.740648	22.284395
49.3	2.683737	9.056880	11.740617	22.309665
49.4	4.128018	7.612549	11.740568	22.303335
49.5	8.505028	3.235541	11.740569	22.252855
49.6	9.979472	1.761150	11.740622	22.155256
49.7	6.508582	5.232074	11.740656	22.018780
49.8	2.796857	8.943768	11.740626	21.861193
49.9	3.984623	7.755947	11.740570	21.705249
50	8.507940	3.232627	11.740567	21.572716
50.1	10.032739	1.707883	11.740622	21.478827
50.2	6.113651	5.627010	11.740661	21.428764
50.3	1.810295	9.930333	11.740628	21.417105
50.4	3.053128	8.687436	11.740564	21.430173
50.5	8.519944	3.220610	11.740554	21.450386
50.6	11.122568	0.618045	11.740614	21.461162
50.7	7.374849	4.365815	11.740665	21.450971
50.8	2.122774	9.617866	11.740640	21.415529
50.9	2.158499	9.582073	11.740572	21.357802
51	7.191571	4.548981	11.740553	21.286192
51.1	10.310885	1.429720	11.740606	21.211690
51.2	7.333179	4.407481	11.740660	21.144941
51.3	2.426710	9.313932	11.740642	21.094014
51.4	2.408023	9.332555	11.740578	21.063281
51.5	7.434261	4.306299	11.740560	21.053458
51.6	10.719950	1.020663	11.740613	21.062538
51.7	7.707515	4.033155	11.740670	21.087196
51.8	2.301575	9.439083	11.740658	21.124240
51.9	1.704025	10.036562	11.740587	21.171737
52	6.770140	4.970417	11.740557	21.229567
52.1	10.854112	0.886493	11.740604	21.299254
52.2	8.675390	3.065277	11.740667	21.383058
52.3	3.286929	8.453739	11.740668	21.482464
52.4	1.871279	9.869327	11.740606	21.596399
52.5	6.139022	5.601546	11.740568	21.719705
52.6	10.220975	1.519632	11.740606	21.842486
52.7	8.697527	3.043138	11.740666	21.950873
52.8	3.814001	7.926664	11.740664	22.029455
52.9	2.269210	9.471397	11.740607	22.065087
53	6.136266	5.604304	11.740570	22.051249
53.1	10.203242	1.537356	11.740599	21.991653
53.2	9.105666	2.634990	11.740656	21.901733
53.3	4.442340	7.298318	11.740658	21.807031
53.4	2.401389	9.339221	11.740610	21.738307
53.5	5.415388	6.325184	11.740572	21.724252
53.6	9.188173	2.552423	11.740596	21.783648
53.7	8.781865	2.958779	11.740644	21.919263
53.8	5.177019	6.563633	11.740652	22.115587
53.9	3.509958	8.230653	11.740611	22.341517
54	5.836245	5.904337	11.740582	22.557677
54.1	8.529058	3.211546	11.740604	22.726554
54.2	7.624695	4.115949	11.740644	22.822577
54.3	4.398006	7.342641	11.740646	22.839092
54.4	3.440281	8.300328	11.740609	22.789989
54.5	6.147631	5.592954	11.740585	22.705314
54.6	8.805915	2.934694	11.740609	22.622105
54.7	7.826668	3.913982	11.740650	22.573252
54.8	4.682789	7.057859	11.740648	22.577865
54.9	3.692949	8.047663	11.740611	22.636210
55	5.935518	5.805075	11.740592	22.730761
55.1	7.903519	3.837097	11.740616	22.832918
55.2	6.670970	5.069677	11.740647	22.913028
55.3	4.118814	7.621824	11.740638	22.950243
55.4	4.186066	7.554530	11.740596	22.938845
55.5	7.090826	4.649756	11.740582	22.888930
55.6	8.835075	2.905539	11.740614	22.821351
55.7	6.830277	4.910370	11.740646	22.758887
55.8	3.702527	8.038106	11.740633	22.716937
55.9	3.755659	7.984934	11.740593	22.697258
56	6.932061	4.808520	11.740581	22.687111
56.1	8.809207	2.931408	11.740615	22.664248
56.2	6.791486	4.949161	11.740647	22.605960
56.3	3.836906	7.903726	11.740632	22.498890
56.4	4.332364	7.408221	11.740585	22.345902
56.5	7.775384	3.965193	11.740577	22.167300
56.6	9.254092	2.486527	11.740619	21.995651
56.7	6.344029	5.396623	11.740653	21.865797
56.8	2.836403	8.904226	11.740629	21.803429
56.9	3.765423	7.975152	11.740576	21.816182
57	8.308409	3.432158	11.740567	21.890459
57.1	10.502603	1.238014	11.740617	21.995183
57.2	7.222449	4.518212	11.740662	22.091306
57.3	2.651489	9.089151	11.740639	22.143839
57.4	2.870403	8.870176	11.740580	22.132312
57.5	7.626503	4.114060	11.740563	22.056118
57.6	10.508122	1.232491	11.740614	21.933030
57.7	7.545673	4.194992	11.740665	21.791625
57.8	2.685491	9.055156	11.740646	21.660499
57.9	2.563232	9.177352	11.740584	21.558272
58	7.475113	4.265447	11.740560	21.488021
58.1	10.806362	0.934249	11.740611	21.438082
58.2	7.886036	3.854633	11.740669	21.388766
58.3	2.398782	9.341874	11.740656	21.322260
58.4	1.590951	10.149635	11.740586	21.231801
58.5	6.583503	5.157051	11.740554	21.126378
58.6	10.812826	0.927774	11.740600	21.028932
58.7	8.762761	2.977902	11.740663	20.968432
58.8	3.287908	8.452751	11.740660	20.968606
58.9	1.701851	10.038745	11.740596	21.037512
59	5.936068	5.804491	11.740558	21.162048
59.1	10.039372	1.701226	11.740598	21.309817
59.2	8.332138	3.408520	11.740659	21.438244
59.3	3.136330	8.604328	11.740658	21.508136
59.4	1.625751	10.114843	11.740594	21.497149
59.5	6.083265	5.657289	11.740554	21.408477
59.6	10.744582	0.996010	11.740591	21.271492
59.7	9.479805	2.260852	11.740657	21.133786
59.8	3.960035	7.780630	11.740666	21.046945
59.9	1.381857	10.358745	11.740602	21.050581
60	4.911379	6.829173	11.740552	21.159831
60.1	9.671553	2.069025	11.740577	21.360417
60.2	9.452822	2.287816	11.740638	21.612882
60.3	4.932442	6.808211	11.740653	21.864595
60.4	2.446694	9.293906	11.740599	22.065585
60.5	5.292386	6.448168	11.740555	22.183033
60.6	9.437057	2.303518	11.740575	22.209853
60.7	9.213447	2.527183	11.740630	22.164823
60.8	5.005316	6.735328	11.740645	22.084601
60.9	2.540277	9.200322	11.740599	22.010657
61	5.041296	6.699259	11.740556	21.975683
61.1	9.030587	2.709985	11.740572	21.994030
61.2	9.255784	2.484837	11.740621	22.059137
61.3	5.732328	6.008309	11.740637	22.148394
61.4	3.368161	8.372442	11.740603	22.233303
61.5	5.078701	6.661868	11.740568	22.291056
61.6	8.042733	3.697845	11.740578	22.313350
61.7	7.991320	3.749297	11.740617	22.309382
61.8	5.209544	6.531081	11.740625	22.302138
61.9	3.877452	7.863142	11.740594	22.319507
62	5.959734	5.780836	11.740571	22.383501
62.1	8.417944	3.322646	11.740591	22.501455
62.2	7.610716	4.129912	11.740628	22.662288
62.3	4.532638	7.207992	11.740630	22.839047
62.4	3.441050	8.299543	11.740593	22.996812
62.5	5.841282	5.899287	11.740569	23.103196
62.6	8.362058	3.378532	11.740590	23.137943
62.7	7.522253	4.218373	11.740626	23.098543
62.8	4.630110	7.110516	11.740626	23.000238
62.9	3.870657	7.869933	11.740590	22.870739
63	6.298178	5.442391	11.740569	22.741637
63.1	8.298054	3.442540	11.740595	22.639435
63.2	6.781546	4.959082	11.740628	22.579009
63.3	3.758767	7.981851	11.740619	22.561238
63.4	3.657952	8.082623	11.740575	22.575049
63.5	6.997189	4.743370	11.740559	22.602640
63.6	9.381151	2.359442	11.740593	22.625745
63.7	7.499023	4.241610	11.740633	22.630782
63.8	3.858584	7.882040	11.740623	22.611373
63.9	3.469833	8.270743	11.740575	22.567918
64	6.870201	4.870355	11.740556	22.504975
64.1	9.237552	2.503041	11.740594	22.427941
64.2	7.079280	4.661353	11.740634	22.340540
64.3	3.309072	8.431548	11.740620	22.244108
64.4	3.423585	8.316981	11.740566	22.138760
64.5	7.767784	3.972763	11.740547	22.025689
64.6	10.643042	1.097552	11.740594	21.909360
64.7	7.899318	3.841326	11.740644	21.798402
64.8	2.832587	8.908044	11.740631	21.704566
64.9	2.088856	9.651712	11.740568	21.639891
65	6.770348	4.970187	11.740535	21.612969
65.1	10.761037	0.979544	11.740581	21.625593
65.2	8.791810	2.948830	11.740640	21.671013
65.3	3.527324	8.213313	11.740637	21.734488
65.4	2.038634	9.701931	11.740565	21.796118
65.5	6.279797	5.460729	11.740526	21.835190
65.6	10.409602	1.330964	11.740566	21.834861
65.7	8.674568	3.066060	11.740627	21.785926
65.8	3.263459	8.477169	11.740628	21.688764
65.9	1.457590	10.282976	11.740566	21.553097
66	5.817590	5.922932	11.740522	21.395782
66.1	10.631937	1.108621	11.740558	21.237315
66.2	9.493619	2.247008	11.740626	21.097899
66.3	3.869590	7.871046	11.740636	20.993907
66.4	1.146724	10.593847	11.740571	20.935347
66.5	4.782430	6.958091	11.740521	20.924655
66.6	9.781806	1.958741	11.740547	20.956892
66.7	9.498245	2.242368	11.740613	21.021215
66.8	4.519122	7.221506	11.740628	21.103327
66.9	1.709484	10.031092	11.740577	21.188488
67	4.852380	6.888149	11.740529	21.264546
67.1	9.595244	2.145299	11.740544	21.324350
67.2	9.442160	2.298446	11.740607	21.366978
67.3	4.571279	7.169345	11.740624	21.397370
67.4	1.564271	10.176303	11.740573	21.424347
67.5	4.522044	7.218476	11.740520	21.457459
67.6	9.603206	2.137334	11.740540	21.503544
67.7	10.231675	1.508922	11.740597	21.564115
67.8	5.811658	5.928964	11.740623	21.634533
67.9	2.284696	9.455886	11.740582	21.705478
68	4.062285	7.678247	11.740532	21.766396
68.1	8.353269	3.387268	11.740537	21.809897
68.2	9.296379	2.444200	11.740579	21.835519
68.3	5.933322	5.807279	11.740601	21.851309
68.4	3.190526	8.550039	11.740565	21.872289
68.5	4.897750	6.842770	11.740520	21.915867
68.6	8.627402	3.113125	11.740527	21.995467
68.7	9.248984	2.491591	11.740575	22.114456
68.8	5.999681	5.740917	11.740598	22.262665
68.9	3.326184	8.414387	11.740571	22.417148
69	4.635773	7.104758	11.740531	22.547546
69.1	7.784512	3.956024	11.740536	22.624812
69.2	8.361510	3.379064	11.740575	22.630744
69.3	5.870846	5.869740	11.740586	22.565200
69.4	4.140254	7.600302	11.740556	22.448347
69.5	5.656380	6.084148	11.740528	22.316737
69.6	8.029318	3.711224	11.740541	22.213939
69.7	7.553907	4.186670	11.740577	22.178343
69.8	4.665422	7.075162	11.740584	22.231809
69.9	3.429902	8.310648	11.740550	22.372787
70	5.748007	5.992520	11.740526	22.576215
70.1	8.528668	3.211877	11.740545	22.800389
70.2	7.940006	3.800578	11.740585	22.998752
70.3	4.802571	6.938018	11.740589	23.132934
70.4	3.475861	8.264691	11.740552	23.182945
70.5	5.728812	6.011716	11.740527	23.151363
70.6	8.235170	3.505378	11.740549	23.060381
70.7	7.309180	4.431406	11.740586	22.942943
70.8	4.237393	7.503193	11.740586	22.831160
70.9	3.564178	8.176365	11.740544	22.746038
71	6.578957	5.161566	11.740523	22.691962
71.1	9.217255	2.523298	11.740553	22.657624
71.2	7.610435	4.130162	11.740597	22.622741
71.3	3.692786	8.047806	11.740591	22.567815
71.4	2.838272	8.902269	11.740540	22.483165
71.5	6.466974	5.273540	11.740514	22.373743
71.6	9.833258	1.907289	11.740547	22.257898
71.7	8.358475	3.382123	11.740598	22.160511
71.8	4.000928	7.739669	11.740596	22.103082
71.9	2.756225	8.984320	11.740545	22.094542
72	6.439307	5.301206	11.740513	22.126385
72.1	10.001859	1.738689	11.740548	22.174165
72.2	8.335811	3.404793	11.740605	22.205090
72.3	3.446570	8.294034	11.740604	22.189170
72.4	2.022238	9.718307	11.740545	22.109983
72.5	6.374476	5.366029	11.740506	21.971151
72.6	11.006203	0.734340	11.740544	21.796062
72.7	9.746050	1.994561	11.740611	21.620757
72.8	4.060325	7.680296	11.740621	21.482329
72.9	1.278931	10.461629	11.740560	21.406819
73	4.913217	6.827290	11.740507	21.400828
73.1	9.989967	1.750566	11.740533	21.449754
73.2	9.718671	2.021928	11.740599	21.523254
73.3	4.580104	7.160513	11.740617	21.585942
73.4	1.616933	10.123632	11.740564	21.609496
73.5	4.885667	6.854847	11.740513	21.581870
73.6	9.954736	1.785800	11.740535	21.510360
73.7	9.879805	1.860798	11.740603	21.417560
73.8	4.595190	7.145436	11.740626	21.331799
73.9	1.052041	10.688531	11.740572	21.275719
74	3.921096	7.819420	11.740516	21.257305
74.1	9.374596	2.365934	11.740530	21.266805
74.2	10.257254	1.483342	11.740596	21.280789
74.3	5.614011	6.126615	11.740626	21.271958
74.4	1.791418	9.949164	11.740582	21.221089
74.5	3.798529	7.941999	11.740528	21.126627
74.6	8.675112	3.065422	11.740534	21.008135
74.7	9.698392	2.042202	11.740594	20.901958
74.8	5.541371	6.199253	11.740624	20.850206
74.9	1.965479	9.775103	11.740581	20.886632
75	3.919121	7.821406	11.740527	21.024221
75.1	8.860084	2.880447	11.740530	21.248877
75.2	10.255749	1.484839	11.740588	21.521628
75.3	6.359387	5.381235	11.740623	21.788935
75.4	2.406332	9.334256	11.740588	21.997958
75.5	3.490812	8.249721	11.740533	22.111914
75.6	7.904844	3.835685	11.740529	22.120632
75.7	9.752322	1.988255	11.740577	22.042948
75.8	6.936429	4.804181	11.740610	21.920297
75.9	3.634187	8.106397	11.740583	21.803691
76	4.275022	7.465518	11.740539	21.738356
76.1	7.588039	4.152500	11.740539	21.750937
76.2	8.740725	2.999853	11.740578	21.843143
76.3	6.210290	5.530313	11.740602	21.993466
76.4	3.737066	8.003513	11.740578	22.165932
76.5	4.889372	6.851169	11.740542	22.322573
76.6	8.058809	3.681735	11.740544	22.435362
76.7	8.828492	2.912089	11.740581	22.493751
76.8	6.191688	5.548914	11.740601	22.505729
76.9	3.840472	7.900106	11.740579	22.492602
77	4.865793	6.874752	11.740545	22.479826
77.1	7.476316	4.264231	11.740547	22.487375
77.2	7.737145	4.003438	11.740583	22.523055
77.3	5.297016	6.443578	11.740594	22.580860
77.4	3.874669	7.865897	11.740566	22.644599
77.5	5.807770	5.932767	11.740537	22.695093
77.6	8.500767	3.239781	11.740548	22.718124
77.7	7.983224	3.757364	11.740588	22.710173
77.8	4.645751	7.094845	11.740596	22.679974
77.9	2.941082	8.799479	11.740561	22.645455
78	5.245108	6.495419	11.740528	22.627333
78.1	8.434678	3.305870	11.740548	22.641691
78.2	8.136881	3.603711	11.740592	22.694156
78.3	4.849999	6.890601	11.740600	22.777582
78.4	3.312820	8.427741	11.740562	22.873864
78.5	5.832624	5.907907	11.740531	22.959110
78.6	8.884124	2.856429	11.740552	23.010321
78.7	7.947497	3.793101	11.740598	23.011409
78.8	4.009564	7.731038	11.740602	22.956798
78.9	2.516595	9.223960	11.740554	22.851785
79	5.887472	5.853045	11.740517	22.709995
79.1	9.873938	1.866605	11.740543	22.549106
79.2	9.104711	2.635889	11.740600	22.386431
79.3	4.485627	7.254981	11.740609	22.235659
79.4	2.212551	9.528005	11.740556	22.105477
79.5	5.427623	6.312888	11.740511	21.999951
79.6	9.806156	1.934380	11.740536	21.919976
79.7	9.307532	2.433068	11.740600	21.864831
79.8	4.471412	7.269201	11.740612	21.833089
79.9	1.888365	9.852192	11.740556	21.822575
80	5.299422	6.441084	11.740507	21.829606
80.1	10.317805	1.422726	11.740531	21.848150
80.2	10.137140	1.603459	11.740599	21.869541
80.3	4.740404	7.000215	11.740619	21.883224
80.4	1.148741	10.591823	11.740564	21.878500
80.5	4.155555	7.584944	11.740498	21.846869
80.6	9.879109	1.861403	11.740512	21.784253
80.7	10.844286	0.896296	11.740582	21.692410
80.8	5.872057	5.868559	11.740616	21.579078
80.9	1.567216	10.173356	11.740572	21.456756
81	3.454246	8.286261	11.740508	21.340433
81.1	8.684153	3.056358	11.740512	21.244784
81.2	10.042313	1.698262	11.740575	21.181440
81.3	5.736998	6.003614	11.740612	21.156830
81.4	1.739439	10.001132	11.740571	21.170929
81.5	3.607104	8.133408	11.740512	21.217075
81.6	8.922443	2.818070	11.740513	21.282849
81.7	10.549636	1.190940	11.740576	21.351986
81.8	6.244168	5.496448	11.740616	21.407128
81.9	1.642161	10.098418	11.740579	21.433129
82	2.693080	9.047432	11.740512	21.420399
82.1	7.802921	3.937578	11.740499	21.367608
82.2	10.163977	1.576578	11.740554	21.282984
82.3	6.918497	4.822100	11.740597	21.183564
82.4	2.762340	8.978234	11.740574	21.092202
82.5	3.364154	8.376366	11.740520	21.032719
82.6	7.732737	4.007774	11.740511	21.024237
82.7	9.792445	1.948123	11.740569	21.076178
82.8	6.750941	4.989667	11.740608	21.185471
82.9	2.792180	8.948406	11.740586	21.336988
83	3.271300	8.469231	11.740531	21.507390
83.1	7.512881	4.227637	11.740519	21.671426
83.2	9.917511	1.823052	11.740563	21.808873
83.3	7.575636	4.164952	11.740588	21.909943
83.4	3.931992	7.808580	11.740572	21.977330
83.5	3.805281	7.935245	11.740527	22.024105
83.6	6.907281	4.833234	11.740516	22.068048
83.7	8.659520	3.081035	11.740556	22.124316
83.8	6.760205	4.980382	11.740587	22.199002
83.9	4.201050	7.539520	11.740569	22.286037
84	4.767289	6.973243	11.740533	22.368757
84.1	7.626606	4.113923	11.740530	22.425885
84.2	8.627631	3.112936	11.740567	22.440011
84.3	6.286543	5.454049	11.740592	22.405592
84.4	3.888909	7.851658	11.740567	22.333425
84.5	4.781015	6.959518	11.740533	22.249612
84.6	7.610950	4.129584	11.740535	22.188819
84.7	8.290709	3.449861	11.740570	22.183713
84.8	5.856076	5.884500	11.740575	22.253910
84.9	3.845620	7.894929	11.740550	22.398218
85	5.196239	6.544275	11.740514	22.593053
85.1	7.935748	3.804775	11.740523	22.797973
85.2	7.922656	3.817906	11.740562	22.966915
85.3	4.864788	6.875788	11.740575	23.061738
85.4	3.001123	8.739416	11.740540	23.063753
85.5	5.218208	6.522295	11.740502	22.979472
85.6	8.771391	2.969122	11.740514	22.838614
85.7	8.830216	2.910345	11.740561	22.684943
85.8	5.169884	6.570694	11.740578	22.562866
85.9	2.671634	9.068911	11.740545	22.504118
86	4.691070	7.049438	11.740509	22.518830
86.1	8.371377	3.369144	11.740522	22.593721
86.2	8.537046	3.203524	11.740570	22.697789
86.3	4.943765	6.796821	11.740586	22.793295
86.4	2.771621	8.968924	11.740545	22.848159
86.5	5.429306	6.311194	11.740500	22.845495
86.6	9.546934	2.193584	11.740518	22.787215
86.7	9.346039	2.394537	11.740576	22.690785
86.8	4.681025	7.059571	11.740596	22.580725
86.9	1.634856	10.105697	11.740553	22.478290
87	4.462495	7.278007	11.740501	22.393299
87.1	9.660215	2.080302	11.740517	22.321197
87.2	10.426922	1.313660	11.740582	22.246355
87.3	5.767180	5.973433	11.740612	22.150217
87.4	1.941149	9.799407	11.740556	22.021042
87.5	4.102607	7.637889	11.740496	21.861273
87.6	9.302226	2.438278	11.740504	21.689485
87.7	10.395166	1.345402	11.740569	21.535800
87.8	5.719329	6.021275	11.740604	21.432178
87.9	1.478588	10.261976	11.740564	21.400960
88	3.477573	8.262924	11.740496	21.445854
88.1	9.251288	2.489208	11.740496	21.548828
88.2	11.231786	0.508776	11.740563	21.674315
88.3	6.796540	4.944068	11.740608	21.779591
88.4	1.754328	9.986245	11.740573	21.827899
88.5	2.605404	9.135100	11.740503	21.799889
88.6	7.959563	3.780929	11.740492	21.699429
88.7	10.555709	1.184842	11.740550	21.551758
88.8	7.038789	4.701809	11.740598	21.394647
88.9	2.316607	9.423966	11.740573	21.265630
89	2.776434	8.964073	11.740507	21.189768
89.1	7.665246	4.075247	11.740493	21.172165
89.2	10.241570	1.498977	11.740547	21.197760
89.3	6.977081	4.763514	11.740595	21.238314
89.4	2.288359	9.452215	11.740574	21.263931
89.5	2.501274	9.239232	11.740507	21.254873
89.6	7.336029	4.404460	11.740489	21.209327
89.7	10.380621	1.359917	11.740538	21.144293
89.8	7.734956	4.005632	11.740587	21.089226
89.9	3.085742	8.654832	11.740573	21.074753
90	2.553673	9.186853	11.740526	21.120553
90.1	6.518828	5.221677	11.740505	21.226873
90.2	9.427371	2.313174	11.740544	21.372884
90.3	7.508282	4.232307	11.740588	21.522697
90.4	3.732087	8.008491	11.740577	21.637118
90.5	3.466448	8.274079	11.740527	21.687167
90.6	7.072536	4.667975	11.740510	21.664703
90.7	9.577760	2.162788	11.740548	21.586407
90.8	7.602483	4.138105	11.740588	21.489597
90.9	3.883801	7.856776	11.740578	21.421116
91	3.364455	8.376077	11.740532	21.422841
91.1	6.489475	5.251043	11.740518	21.518499
91.2	8.899174	2.841374	11.740549	21.706008
91.3	7.600470	4.140112	11.740582	21.957730
91.4	4.869605	6.870970	11.740575	22.228424
91.5	4.680570	7.059970	11.740540	22.468239
91.6	7.016113	4.724411	11.740524	22.636582
91.7	8.128568	3.611980	11.740548	22.712592
91.8	6.155538	5.585033	11.740571	22.699256
91.9	3.907999	7.832552	11.740551	22.620359
92	4.812032	6.928486	11.740518	22.511777
92.1	7.846924	3.893595	11.740519	22.410263
92.2	8.816961	2.923591	11.740551	22.343422
92.3	6.273516	5.467059	11.740575	22.323803
92.4	3.675590	8.064961	11.740551	22.348429
92.5	4.587136	7.153377	11.740513	22.403199
92.6	7.610054	4.130458	11.740511	22.470000
92.7	8.296218	3.444339	11.740557	22.533776
92.8	5.488473	6.252105	11.740578	22.587103
92.9	3.128866	8.611682	11.740549	22.631009
93	4.773387	6.967122	11.740509	22.672261
93.1	8.396199	3.344331	11.740531	22.718575
93.2	8.952698	2.787874	11.740571	22.773859
93.3	5.411092	6.329503	11.740595	22.835335
93.4	2.458275	9.282285	11.740560	22.893603
93.5	4.209397	7.531115	11.740512	22.935464
93.6	8.430407	3.310116	11.740522	22.948353
93.7	9.405402	2.335168	11.740570	22.924702
93.8	5.763815	5.976780	11.740596	22.864668
93.9	2.508833	9.231729	11.740562	22.776365
94	4.223708	7.516802	11.740510	22.673600
94.1	8.648716	3.091797	11.740513	22.572017
94.2	9.610614	2.129955	11.740568	22.484955
94.3	5.545360	6.195235	11.740595	22.420309
94.4	1.924921	9.815633	11.740554	22.379190
94.5	3.959900	7.780599	11.740500	22.356546
94.6	9.321967	2.418535	11.740502	22.343225
94.7	10.960676	0.779887	11.740563	22.328677
94.8	6.523909	5.216695	11.740604	22.303411
94.9	1.711978	10.028592	11.740570	22.260641
95	2.823419	8.917088	11.740506	22.196962
95.1	8.346676	3.393817	11.740493	22.112233
95.2	10.935785	0.804773	11.740558	22.009052
95.3	7.225631	4.514972	11.740603	21.892162
95.4	2.326056	9.414522	11.740578	21.767938
95.5	2.916961	8.823548	11.740509	21.643950
95.6	8.217712	3.522786	11.740498	21.528426
95.7	11.009540	0.731018	11.740558	21.429482
95.8	7.362860	4.377752	11.740611	21.354133
95.9	1.980536	9.760053	11.740589	21.307238
96	1.957734	9.782790	11.740524	21.290651
96.1	7.332555	4.407946	11.740500	21.302822
96.2	11.073123	0.667418	11.740541	21.338947
96.3	8.433290	3.307315	11.740605	21.391604
96.4	3.107838	8.632752	11.740590	21.451621
96.5	2.087059	9.653468	11.740527	21.508969
96.6	6.327261	5.413237	11.740498	21.553554
96.7	9.760807	1.979729	11.740536	21.575963
96.8	7.708002	4.032597	11.740599	21.568371
96.9	3.141203	8.599388	11.740591	21.525791
97	2.443277	9.297256	11.740533	21.447620
97.1	6.649009	5.091499	11.740509	21.339197
97.2	10.100783	1.639766	11.740549	21.212691
97.3	8.177399	3.563204	11.740603	21.086600
97.4	3.487188	8.253412	11.740600	20.983374
97.5	2.234249	9.506294	11.740543	20.925195
97.6	5.886465	5.854054	11.740519	20.928679
97.7	9.429630	2.310920	11.740549	20.999896
97.8	8.300175	3.440425	11.740600	21.131347
97.9	4.388604	7.351995	11.740599	21.302238
98	3.135544	8.605010	11.740554	21.482555
98.1	6.040925	5.699601	11.740526	21.640238
98.2	8.887290	2.853259	11.740548	21.749628
98.3	7.792045	3.948551	11.740596	21.798722
98.4	4.493604	7.246985	11.740588	21.792849
98.5	3.699620	8.040927	11.740548	21.753360
98.6	6.476936	5.263590	11.740526	21.711415
98.7	8.927366	2.813186	11.740553	21.698577
98.8	7.758129	3.982443	11.740572	21.737095
98.9	4.781505	6.959062	11.740567	21.833003
99	4.155482	7.585050	11.740532	21.974365
99.1	6.489343	5.251172	11.740515	22.135370
99.2	8.182963	3.557578	11.740541	22.285007
99.3	6.762755	4.977815	11.740570	22.397450
99.4	4.459660	7.280881	11.740541	22.460609
99.5	4.894105	6.846403	11.740508	22.479852
99.6	7.669515	4.070993	11.740508	22.475507
99.7	8.744750	2.995793	11.740543	22.474924
99.8	6.222016	5.518553	11.740569	22.501841
99.9	3.313088	8.427467	11.740555	22.566837
100	4.040762	7.699749	11.740511	22.662388
100.1	7.538953	4.201555	11.740507	22.764536
100.2	9.056796	2.683751	11.740547	22.840851
100.3	6.504256	5.236322	11.740578	22.862106
100.4	3.448789	8.291764	11.740552	22.813649
100.5	4.201054	7.539455	11.740509	22.702389
100.6	7.702350	4.038155	11.740505	22.556705
100.7	8.854317	2.886231	11.740549	22.418928
100.8	5.682102	6.058477	11.740579	22.332651
100.9	2.381472	9.359073	11.740545	22.328944
101	3.720526	8.019968	11.740494	22.416048
101.1	8.299133	3.441355	11.740488	22.576052
101.2	10.116064	1.624477	11.740541	22.769731
101.3	6.644238	5.096342	11.740580	22.948039
101.4	2.444968	9.295586	11.740555	23.066503
101.5	3.141493	8.599003	11.740496	23.097825
101.6	7.761598	3.978888	11.740486	23.038690
101.7	9.961077	1.779461	11.740538	22.908762
101.8	6.669298	5.071283	11.740580	22.742565
101.9	2.413789	9.326765	11.740554	22.577303
102	3.239273	8.501211	11.740484	22.440959
102.1	8.338373	3.402106	11.740479	22.344715
102.2	10.889507	0.851028	11.740535	22.282031
102.3	7.234197	4.506389	11.740586	22.234256
102.4	2.037085	9.703471	11.740556	22.180264
102.5	2.242423	9.498066	11.740489	22.106220
102.6	7.757091	3.983369	11.740460	22.011680
102.7	11.416305	0.324210	11.740515	21.909730
102.8	8.441394	3.299182	11.740575	21.821190
102.9	2.792996	8.947564	11.740560	21.765239
103	1.890537	9.849959	11.740496	21.750220
103.1	6.750572	4.989892	11.740464	21.768405
103.2	10.735158	1.005352	11.740511	21.796993
103.3	8.518685	3.221887	11.740572	21.805345
103.4	3.185152	8.555416	11.740569	21.766000
103.5	1.976635	9.763868	11.740503	21.665512
103.6	6.519399	5.221069	11.740468	21.511039
103.7	10.691769	1.048740	11.740509	21.329996
103.8	8.893573	2.846998	11.740571	21.162524
103.9	3.506540	8.234034	11.740574	21.049088
104	1.594761	10.145745	11.740506	21.017337
104.1	5.458588	6.281879	11.740467	21.072723
104.2	9.763475	1.977023	11.740498	21.196175
104.3	8.877364	2.863193	11.740557	21.349729
104.4	4.324116	7.416444	11.740560	21.488289
104.5	2.411374	9.329135	11.740509	21.573602
104.6	5.560063	6.180404	11.740467	21.585768
104.7	9.198450	2.542044	11.740494	21.528474
104.8	8.216678	3.523868	11.740547	21.426354
104.9	3.961340	7.779210	11.740550	21.315563
105	2.285042	9.455461	11.740503	21.231003
105.1	5.527068	6.213412	11.740480	21.194684
105.2	9.421892	2.318613	11.740505	21.209224
105.3	8.959804	2.780752	11.740555	21.258612
105.4	5.034623	6.705944	11.740567	21.315729
105.5	2.947886	8.792641	11.740527	21.353777
105.6	5.145452	6.595035	11.740487	21.357380
105.7	8.213256	3.527249	11.740505	21.329343
105.8	7.929038	3.811507	11.740545	21.290579
105.9	5.064301	6.676250	11.740550	21.273198
106	3.975012	7.765500	11.740513	21.309149
106.1	6.293131	5.447362	11.740493	21.418370
106.2	8.701320	3.039195	11.740515	21.600572
106.3	7.758804	3.981746	11.740550	21.833552
106.4	4.793191	6.947359	11.740550	22.078689
106.5	3.959359	7.781160	11.740519	22.291874
106.6	6.333382	5.407112	11.740494	22.436349
106.7	8.459028	3.281485	11.740513	22.493342
106.8	7.345670	4.394874	11.740544	22.467200
106.9	4.732615	7.007923	11.740538	22.383564
107	4.519903	7.220598	11.740501	22.281381
107.1	7.056121	4.684374	11.740495	22.201455
107.2	8.532432	3.208090	11.740522	22.175147
107.3	6.487766	5.252785	11.740550	22.216570
107.4	3.587520	8.153015	11.740534	22.320313
107.5	4.065485	7.675010	11.740495	22.464851
107.6	7.622544	4.117938	11.740482	22.620066
107.7	9.485018	2.255504	11.740522	22.756208
107.8	6.899627	4.840933	11.740561	22.851501
107.9	3.146265	8.594289	11.740554	22.896368
108	3.251658	8.488855	11.740513	22.893556
108.1	7.068865	4.671628	11.740493	22.854866
108.2	9.331119	2.409415	11.740534	22.796092
108.3	6.854540	4.886054	11.740593	22.732093
108.4	3.046967	8.693608	11.740575	22.673515
108.5	3.319470	8.421053	11.740523	22.625816
108.6	7.520907	4.219601	11.740508	22.590319
108.7	9.897097	1.843476	11.740572	22.566325
108.8	6.923452	4.817164	11.740616	22.553138
108.9	2.372465	9.368131	11.740596	22.551093
109	2.437041	9.303490	11.740531	22.561280
109.1	7.289758	4.450753	11.740511	22.584250
109.2	10.614750	1.125807	11.740557	22.618438
109.3	8.015610	3.725000	11.740610	22.659078
109.4	3.018043	8.722555	11.740597	22.698165
109.5	2.396986	9.343549	11.740536	22.725567
109.6	6.993213	4.747291	11.740504	22.730954
109.7	10.485720	1.254829	11.740548	22.705942
109.8	7.948063	3.792545	11.740609	22.645834
109.9	2.673468	9.067122	11.740590	22.550553
110	1.897133	9.843389	11.740522	22.424625
110.1	7.013569	4.726922	11.740491	22.276400
110.2	11.485656	0.254880	11.740537	22.116777
110.3	9.427751	2.312854	11.740604	21.957752
110.4	3.457228	8.283376	11.740604	21.810969
110.5	1.279761	10.460783	11.740543	21.686373
110.6	5.531768	6.208722	11.740490	21.590993
110.7	10.417628	1.322894	11.740522	21.527969
110.8	9.536140	2.204450	11.740590	21.495986
110.9	4.332400	7.408200	11.740599	21.489358
111	1.930654	9.809886	11.740540	21.498954
111.1	5.463648	6.276845	11.740493	21.513913
111.2	9.978440	1.762081	11.740521	21.523873
111.3	9.277032	2.463547	11.740579	21.521154
111.4	4.290397	7.450195	11.740593	21.502251
111.5	1.716675	10.023869	11.740543	21.468161
111.6	4.945521	6.794977	11.740498	21.423407
111.7	9.593811	2.146709	11.740520	21.374105
111.8	9.519048	2.221531	11.740579	21.325811
111.9	5.003745	6.736853	11.740597	21.281978
112	2.130255	9.610292	11.740548	21.243653
112.1	4.482732	7.257768	11.740500	21.210544
112.2	8.536201	3.204314	11.740515	21.182952
112.3	8.742147	2.998419	11.740567	21.163582
112.4	5.081010	6.659573	11.740583	21.158218
112.5	2.813553	8.926982	11.740534	21.174548
112.6	5.086171	6.654324	11.740495	21.219211
112.7	8.694143	3.046375	11.740518	21.293977
112.8	8.653460	3.087112	11.740572	21.392556
112.9	5.061827	6.678761	11.740588	21.499650
113	2.831430	8.909121	11.740550	21.593232
113.1	4.894811	6.845702	11.740512	21.650000
113.2	8.346990	3.393536	11.740526	21.652662
113.3	8.639646	3.100908	11.740554	21.596794
113.4	5.772550	5.968013	11.740563	21.494775
113.5	3.959024	7.781504	11.740528	21.374948
113.6	5.559561	6.180939	11.740500	21.275590
113.7	7.940898	3.799617	11.740515	21.234999
113.8	7.500517	4.240033	11.740549	21.280490
113.9	4.914743	6.825830	11.740573	21.419717
114	4.106491	7.634049	11.740541	21.637280
114.1	6.498901	5.241617	11.740518	21.898037
114.2	8.849594	2.890947	11.740541	22.156432
114.3	7.824213	3.916364	11.740577	22.369143
114.4	4.804077	6.936506	11.740583	22.507141
114.5	4.002008	7.738543	11.740551	22.563344
114.6	6.465808	5.274722	11.740530	22.553371
114.7	8.517055	3.223502	11.740557	22.509180
114.8	6.995828	4.744763	11.740591	22.467711
114.9	3.938473	7.802114	11.740587	22.458367
115	3.875486	7.865061	11.740548	22.493558
115.1	7.314301	4.426231	11.740532	22.565500
115.2	9.643401	2.097168	11.740569	22.650284
115.3	7.368286	4.372326	11.740612	22.717696
115.4	3.191969	8.548629	11.740599	22.743234
115.5	2.646618	9.093928	11.740546	22.717998
115.6	6.566533	5.173997	11.740529	22.652809
115.7	9.742213	1.998355	11.740567	22.575000
115.8	7.883244	3.857373	11.740616	22.518891
115.9	3.520502	8.220101	11.740603	22.513274
116	2.643242	9.097311	11.740552	22.570363
116.1	6.479550	5.260978	11.740528	22.680219
116.2	9.690226	2.050340	11.740566	22.812804
116.3	7.655579	4.085040	11.740619	22.927169
116.4	2.983964	8.756648	11.740612	22.984737
116.5	2.160745	9.579791	11.740536	22.962188
116.6	6.660259	5.080247	11.740506	22.859517
116.7	10.653602	1.086946	11.740548	22.700464
116.8	8.714411	3.026199	11.740610	22.525132
116.9	3.253107	8.487502	11.740609	22.377270
117	1.488449	10.252092	11.740541	22.290533
117.1	5.814957	5.925538	11.740495	22.278281
117.2	10.512810	1.227721	11.740531	22.330264
117.3	9.362492	2.378105	11.740596	22.417061
117.4	4.001129	7.739475	11.740604	22.500497
117.5	1.733405	10.007136	11.740541	22.546253
117.6	5.677568	6.062926	11.740494	22.534263
117.7	10.518200	1.222326	11.740526	22.463460
117.8	9.641992	2.098602	11.740594	22.349564
117.9	4.084033	7.656574	11.740607	22.217165
118	1.225236	10.515313	11.740548	22.089390
118.1	4.950509	6.789982	11.740491	21.979171
118.2	10.454082	1.286432	11.740514	21.885428
118.3	10.620201	1.120382	11.740583	21.795479
118.4	5.396780	6.343828	11.740607	21.692570
118.5	1.684705	10.055857	11.740563	21.565410
118.6	4.080809	7.659695	11.740504	21.415787
118.7	8.961725	2.778792	11.740517	21.261018
118.8	9.646777	2.093800	11.740577	21.129916
118.9	5.417287	6.323315	11.740602	21.053432
119	2.237901	9.502653	11.740554	21.053218
119.1	4.484938	7.255566	11.740505	21.132299
119.2	9.060497	2.680018	11.740515	21.271480
119.3	9.738485	2.002087	11.740572	21.433152
119.4	5.612582	6.128017	11.740599	21.571620
119.5	2.177629	9.562930	11.740560	21.646716
119.6	3.816319	7.924186	11.740505	21.636207
119.7	8.044115	3.696395	11.740510	21.542830
119.8	9.147678	2.592881	11.740559	21.393530
119.9	5.952700	5.787885	11.740585	21.231085
120	3.114156	8.626400	11.740556	21.100853
120.1	4.492608	7.247922	11.740530	21.036995
120.2	7.942314	3.798220	11.740534	21.052649
120.3	8.536709	3.203869	11.740578	21.137155
120.4	5.482291	6.258307	11.740598	21.260998
120.5	3.102834	8.637732	11.740566	21.386553
120.6	4.736372	7.004156	11.740528	21.480860
120.7	8.160205	3.580325	11.740531	21.526064
120.8	8.787809	2.952762	11.740572	21.524154
120.9	5.993227	5.747363	11.740590	21.494676
121	3.766357	7.974218	11.740575	21.466535
121.1	5.019660	6.720881	11.740541	21.467005
121.2	7.668853	4.071686	11.740539	21.511872
121.3	7.857383	3.883190	11.740572	21.600109
121.4	5.525503	6.215079	11.740582	21.714777
121.5	4.353756	7.386797	11.740553	21.829638
121.6	6.273723	5.466810	11.740533	21.918983
121.7	8.533538	3.207005	11.740543	21.967182
121.8	7.634969	4.105610	11.740579	21.974613
121.9	4.544180	7.196400	11.740580	21.957995
122	3.581585	8.158957	11.740542	21.945077
122.1	6.326269	5.414254	11.740523	21.965548
122.2	9.149602	2.590939	11.740541	22.041213
122.3	8.116066	3.624529	11.740595	22.178623
122.4	4.560291	7.180304	11.740595	22.366432
122.5	3.399624	8.340926	11.740550	22.578165
122.6	6.280898	5.459628	11.740525	22.779333
122.7	9.104278	2.636271	11.740549	22.936581
122.8	7.638146	4.102450	11.740595	23.026101
122.9	3.602743	8.137843	11.740586	23.038976
123	2.594892	9.145642	11.740535	22.982253
123.1	6.376347	5.364150	11.740497	22.875910
123.2	10.119175	1.621346	11.740521	22.747018
123.3	8.726345	3.014231	11.740576	22.623025
123.4	3.838594	7.901978	11.740572	22.526019
123.5	1.844962	9.895559	11.740522	22.469230
123.6	5.325183	6.415301	11.740484	22.456166
123.7	9.493954	2.246553	11.740507	22.481980
123.8	8.645924	3.094641	11.740566	22.536154
123.9	3.965761	7.774812	11.740574	22.605513
124	1.997280	9.743236	11.740516	22.676781
124.1	5.684742	6.055729	11.740471	22.738349
124.2	10.166173	1.574328	11.740501	22.781247
124.3	9.238486	2.502075	11.740561	22.799565
124.4	3.878654	7.861923	11.740577	22.790570
124.5	1.174098	10.566414	11.740512	22.754646
124.6	4.875299	6.865164	11.740463	22.695054
124.7	10.244271	1.496207	11.740478	22.617389
124.8	10.268364	1.472179	11.740543	22.528740
124.9	5.009170	6.731399	11.740570	22.436596
125	1.524091	10.216420	11.740511	22.347735
125.1	4.418413	7.322038	11.740451	22.267346
125.2	9.705749	2.034710	11.740459	22.198581
125.3	10.219665	1.520864	11.740529	22.142556
125.4	5.273500	6.467053	11.740553	22.098641
125.5	1.568529	10.171970	11.740499	22.064800
125.6	4.163049	7.577384	11.740433	22.037758
125.7	9.674154	2.066300	11.740454	22.012963
125.8	10.812769	0.927748	11.740517	21.984546
125.9	6.097153	5.643396	11.740550	21.945591
126	1.736180	10.004322	11.740502	21.889037
126.1	3.306994	8.433448	11.740442	21.809272
126.2	8.477520	3.262921	11.740441	21.704125
126.3	10.371845	1.368654	11.740499	21.576641
126.4	6.776686	4.963850	11.740536	21.435860
126.5	2.786717	8.953785	11.740502	21.295986
126.6	3.655155	8.085290	11.740445	21.173829
126.7	7.793886	3.946555	11.740441	21.084990
126.8	9.277211	2.463280	11.740491	21.039847
126.9	6.084242	5.656279	11.740521	21.040636
127	2.725669	9.014825	11.740494	21.080697
127.1	3.890952	7.849490	11.740442	21.146321
127.2	8.026179	3.714262	11.740440	21.220737
127.3	9.565658	2.174827	11.740484	21.288983
127.4	6.534708	5.205811	11.740519	21.341992
127.5	3.067157	8.673347	11.740504	21.378428
127.6	3.622879	8.117582	11.740461	21.403564
127.7	7.044218	4.696238	11.740456	21.425608
127.8	8.483229	3.257263	11.740492	21.450884
127.9	6.206084	5.534421	11.740505	21.479853
128	3.763318	7.977160	11.740478	21.505724
128.1	4.764678	6.975766	11.740444	21.516550
128.2	7.792902	3.947544	11.740446	21.500331
128.3	8.529836	3.210650	11.740485	21.451352
128.4	5.913207	5.827294	11.740501	21.375277
128.5	3.597077	8.143396	11.740473	21.290691
128.6	4.761702	6.978734	11.740436	21.225853
128.7	7.687464	4.052977	11.740441	21.211130
128.8	8.299910	3.440553	11.740463	21.269238
128.9	5.968216	5.772269	11.740484	21.406529
129	4.287960	7.452497	11.740457	21.608517
129.1	5.791462	5.948974	11.740436	21.841700
129.2	8.219731	3.520717	11.740448	22.061732
129.3	7.781494	3.958991	11.740485	22.225790
129.4	4.790869	6.949610	11.740479	22.305412
129.5	3.497396	8.243051	11.740447	22.295634
129.6	6.079452	5.660965	11.740417	22.217259
129.7	9.256380	2.484057	11.740437	22.111209
129.8	8.597012	3.143472	11.740484	22.026479
129.9	4.769754	6.970738	11.740492	22.005382
130	2.899939	8.840500	11.740439	22.070763
130.1	5.587016	6.153391	11.740407	22.219281
130.2	9.155330	2.585098	11.740428	22.422943
130.3	8.568861	3.171617	11.740479	22.638316
130.4	4.459563	7.280926	11.740489	22.820347
130.5	2.477108	9.263344	11.740452	22.936176
130.6	5.553812	6.186601	11.740412	22.974396
130.7	9.635254	2.105182	11.740436	22.946820
130.8	9.003471	2.737024	11.740495	22.882420
130.9	4.176345	7.564163	11.740509	22.815788
131	1.507149	10.233304	11.740453	22.774343
131.1	4.708955	7.031451	11.740406	22.768834
131.2	9.688509	2.051916	11.740425	22.790464
131.3	9.875599	1.864891	11.740490	22.815501
131.4	5.039862	6.700651	11.740513	22.815581
131.5	1.658817	10.081652	11.740470	22.769812
131.6	4.203770	7.536634	11.740404	22.674187
131.7	9.084010	2.656407	11.740417	22.544736
131.8	9.526163	2.214317	11.740480	22.413175
131.9	4.851092	6.889413	11.740505	22.316450
132	1.517315	10.223144	11.740459	22.283858
132.1	4.373094	7.367308	11.740402	22.326278
132.2	9.914348	1.826066	11.740415	22.431392
132.3	10.799144	0.941340	11.740484	22.566637
132.4	5.691248	6.049271	11.740519	22.688977
132.5	1.187473	10.553000	11.740474	22.758161
132.6	3.131538	8.608867	11.740406	22.748978
132.7	8.889903	2.850502	11.740405	22.658396
132.8	10.908713	0.831757	11.740470	22.505311
132.9	6.752475	4.988038	11.740513	22.323225
133	2.195627	9.544849	11.740476	22.148626
133.1	3.353053	8.387350	11.740402	22.009220
133.2	8.523556	3.216841	11.740396	21.916091
133.3	10.635494	1.104961	11.740455	21.862313
133.4	6.825793	4.914706	11.740499	21.828123
133.5	2.209314	9.531155	11.740469	21.790384
133.6	2.917239	8.823164	11.740403	21.732593
133.7	7.927743	3.812647	11.740390	21.651571
133.8	10.602140	1.138303	11.740443	21.558374
133.9	7.609834	4.130655	11.740489	21.473180
134	3.150008	8.590457	11.740465	21.416235
134.1	3.046922	8.693498	11.740419	21.398464
134.2	6.989701	4.750703	11.740404	21.415523
134.3	9.331680	2.408766	11.740447	21.447798
134.4	6.973794	4.766692	11.740485	21.466655
134.5	3.409535	8.330942	11.740478	21.444858
134.6	3.644642	8.095791	11.740433	21.367442
134.7	7.268786	4.471635	11.740422	21.239006
134.8	9.187585	2.552877	11.740462	21.084528
134.9	6.749557	4.990940	11.740497	20.943057
135	3.318806	8.421685	11.740492	20.856089
135.1	3.522375	8.218068	11.740443	20.854391
135.2	6.931152	4.809276	11.740428	20.947627
135.3	8.849424	2.891040	11.740464	21.120321
135.4	6.868194	4.872302	11.740496	21.335568
135.5	3.995161	7.745319	11.740481	21.545392
135.6	4.218976	7.521464	11.740440	21.704457
135.7	6.947402	4.793051	11.740453	21.782777
135.8	8.084841	3.655643	11.740484	21.773493
135.9	6.004702	5.735804	11.740506	21.693459
136	3.849542	7.890947	11.740489	21.576779
136.1	4.952171	6.788281	11.740452	21.463659
136.2	7.975733	3.764725	11.740457	21.388350
136.3	8.736867	3.003620	11.740488	21.370009
136.4	6.145449	5.595060	11.740509	21.409136
136.5	3.802238	7.938245	11.740483	21.490265
136.6	4.925110	6.815343	11.740453	21.589457
136.7	7.780309	3.960148	11.740457	21.683713
136.8	8.167738	3.572755	11.740493	21.758973
136.9	5.502672	6.237860	11.740533	21.814103
137	3.784995	7.955508	11.740503	21.859830
137.1	5.874114	5.866356	11.740470	21.913381
137.2	9.117484	2.623021	11.740506	21.990990
137.3	8.786678	2.953878	11.740556	22.101034
137.4	4.821513	6.919059	11.740572	22.240155
137.5	2.361903	9.378633	11.740537	22.393601
137.6	4.888982	6.851516	11.740498	22.539492
137.7	9.242130	2.498381	11.740512	22.655461
137.8	9.627986	2.112591	11.740578	22.725415
137.9	5.468169	6.272433	11.740602	22.744282
138	2.348070	9.392490	11.740560	22.719371
138.1	4.501971	7.238549	11.740520	22.668142
138.2	8.951474	2.789040	11.740514	22.613259
138.3	9.448680	2.291892	11.740572	22.576523
138.4	5.058221	6.682381	11.740602	22.573437
138.5	1.648367	10.092192	11.740560	22.609776
138.6	4.015062	7.725459	11.740521	22.680797
138.7	9.217729	2.522800	11.740529	22.772977
138.8	10.331189	1.409404	11.740593	22.867524
138.9	5.757442	5.983187	11.740628	22.944644
139	1.512240	10.228347	11.740587	22.987566
139.1	3.228403	8.512121	11.740523	22.985594
139.2	8.567697	3.172814	11.740511	22.935795
139.3	10.336355	1.404219	11.740573	22.843232
139.4	6.186607	5.554006	11.740614	22.719869
139.5	1.806771	9.933806	11.740578	22.582396
139.6	3.228105	8.512398	11.740503	22.449332
139.7	8.613723	3.126764	11.740487	22.337825
139.8	10.673804	1.066746	11.740551	22.260668
139.9	6.517179	5.223416	11.740595	22.224081
140	1.648653	10.091905	11.740558	22.226745
140.1	2.657175	9.083315	11.740490	22.260328
140.2	8.378926	3.361550	11.740476	22.311456
140.3	11.397766	0.342776	11.740543	22.364634
140.4	7.867909	3.872690	11.740600	22.405389
140.5	2.522259	9.218307	11.740566	22.422796
140.6	2.276547	9.463955	11.740502	22.410785
140.7	7.114730	4.625752	11.740482	22.368008
140.8	10.389915	1.350616	11.740531	22.296560
140.9	7.874956	3.865633	11.740589	22.200269
141	3.270905	8.469670	11.740575	22.083323
141.1	2.950449	8.790082	11.740531	21.949850
141.2	7.299837	4.440673	11.740511	21.804534
141.3	10.355858	1.384699	11.740557	21.653827
141.4	7.976867	3.763739	11.740606	21.506941
141.5	3.343861	8.396740	11.740600	21.375725
141.6	2.513454	9.227078	11.740532	21.272979
141.7	6.306733	5.433772	11.740506	21.209369
141.8	9.492871	2.247670	11.740541	21.189848
141.9	8.032281	3.708306	11.740587	21.210926
142	4.319691	7.420872	11.740563	21.260062
142.1	3.516612	8.223911	11.740523	21.317888
142.2	6.393463	5.347038	11.740501	21.362990
142.3	8.565927	3.174603	11.740531	21.377975
142.4	6.852384	4.888183	11.740567	21.354900
142.5	3.699014	8.041541	11.740555	21.298135
142.6	3.618093	8.122419	11.740512	21.223439
142.7	6.818182	4.922319	11.740501	21.153275
142.8	8.949391	2.791144	11.740534	21.109730
142.9	7.182706	4.557856	11.740562	21.107348
143	4.053898	7.686662	11.740560	21.148369
143.1	3.807815	7.932709	11.740524	21.222142
143.2	6.513801	5.226706	11.740508	21.309058
143.3	8.182629	3.557908	11.740537	21.387751
143.4	6.536383	5.204198	11.740581	21.443005
143.5	4.172918	7.567651	11.740569	21.471472
143.6	4.704615	7.035918	11.740533	21.482943
143.7	7.477740	4.262792	11.740532	21.496481
143.8	8.468861	3.271705	11.740566	21.532610
143.9	6.111538	5.629061	11.740599	21.604335
144	3.697019	8.043556	11.740575	21.710386
144.1	4.780157	6.960384	11.740541	21.833486
144.2	8.023645	3.716896	11.740541	21.944773
144.3	8.911458	2.829124	11.740582	22.013271
144.4	6.116681	5.623926	11.740607	22.017396
144.5	3.540018	8.200568	11.740586	21.954447
144.6	4.912841	6.827702	11.740543	21.844490
144.7	8.400027	3.340521	11.740548	21.726735
144.8	8.957287	2.783307	11.740595	21.649049
144.9	5.451169	6.289449	11.740618	21.653626
145	2.593255	9.147321	11.740576	21.763392
145.1	4.618923	7.121605	11.740528	21.973643
145.2	9.205936	2.534597	11.740533	22.251930
145.3	10.244272	1.496318	11.740590	22.546501
145.4	6.071654	5.668970	11.740624	22.800841
145.5	1.988302	9.752285	11.740587	22.969770
145.6	3.321846	8.418689	11.740535	23.031991
145.7	8.228668	3.511862	11.740530	22.995144
145.8	10.080313	1.660274	11.740587	22.891863
145.9	6.400695	5.339932	11.740627	22.768313
146	2.270343	9.470248	11.740591	22.669133
146.1	3.441054	8.299479	11.740533	22.623816
146.2	8.412843	3.327687	11.740529	22.638921
146.3	10.328281	1.412306	11.740588	22.698425
146.4	6.292258	5.448375	11.740632	22.771665
146.5	1.499388	10.241213	11.740600	22.825735
146.6	2.399104	9.341438	11.740542	22.837776
146.7	7.981944	3.758583	11.740526	22.802787
146.8	10.987801	0.752784	11.740585	22.734355
146.9	7.545015	4.195623	11.740638	22.658302
147	2.325748	9.414869	11.740618	22.601839
147.1	2.263942	9.476595	11.740538	22.582392
147.2	7.275428	4.465089	11.740517	22.600328
147.3	10.462477	1.278092	11.740569	22.638286
147.4	7.487341	4.253283	11.740624	22.667405
147.5	2.439189	9.301416	11.740606	22.658145
147.6	2.287808	9.452755	11.740563	22.591734
147.7	7.437896	4.302642	11.740538	22.468005
147.8	11.132016	0.608572	11.740589	22.306692
147.9	8.486530	3.254118	11.740648	22.141603
148	2.998380	8.742252	11.740632	22.009654
148.1	1.845985	9.894591	11.740575	21.938574
148.2	6.381645	5.358901	11.740546	21.937589
148.3	10.520134	1.220453	11.740586	21.994303
148.4	8.965529	2.775116	11.740645	22.078814
148.5	4.103166	7.637482	11.740649	22.153556
148.6	2.489439	9.251160	11.740599	22.185362
148.7	5.994772	5.745791	11.740562	22.155589
148.8	9.581234	2.159359	11.740594	22.064876
148.9	8.386809	3.353835	11.740645	21.931152
149	4.243095	7.497552	11.740647	21.781892
149.1	2.909074	8.831525	11.740599	21.643685
149.2	6.127107	5.613456	11.740563	21.533016
149.3	9.417983	2.322608	11.740591	21.451604
149.4	8.359507	3.381130	11.740637	21.387847
149.5	4.524468	7.216175	11.740643	21.323619
149.6	3.072926	8.667679	11.740605	21.243667
149.7	5.633180	6.107398	11.740578	21.143859
149.8	8.343930	3.396672	11.740601	21.035001
149.9	7.468459	4.272181	11.740640	20.940569
150	4.529648	7.210986	11.740634	20.888966
150.1	3.905525	7.835076	11.740601	20.903002
150.2	6.519284	5.221301	11.740584	20.990383
150.3	8.576790	3.163821	11.740611	21.138756
150.4	7.016440	4.724206	11.740646	21.317335
150.5	3.885972	7.854670	11.740642	21.484881
150.6	3.484006	8.256597	11.740603	21.601595
150.7	6.346259	5.394319	11.740578	21.641109
150.8	8.547308	3.193298	11.740606	21.598675
150.9	7.235221	4.505417	11.740638	21.492870
151	4.547708	7.192921	11.740629	21.360264
151.1	4.423417	7.317174	11.740590	21.244749
151.2	6.921331	4.819244	11.740574	21.184918
151.3	8.183382	3.557223	11.740605	21.203382
151.4	6.112470	5.628161	11.740631	21.301188
151.5	3.604330	8.136283	11.740613	21.458788
151.6	4.533923	7.206639	11.740562	21.642864
151.7	8.056568	3.683987	11.740556	21.816599
151.8	9.450845	2.289757	11.740602	21.950059
151.9	6.644440	5.096192	11.740632	22.027592
152	3.339550	8.401058	11.740608	22.050336
152.1	4.085600	7.654966	11.740566	22.033599
152.2	7.910738	3.829829	11.740567	22.000503
152.3	9.472244	2.268381	11.740625	21.974265
152.4	6.431695	5.308946	11.740641	21.971646
152.5	2.907436	8.833180	11.740616	21.999426
152.6	3.953165	7.787393	11.740558	22.054547
152.7	8.434589	3.305963	11.740553	22.127313
152.8	10.255367	1.485230	11.740597	22.206160
152.9	6.621029	5.119614	11.740644	22.282168
153	2.134060	9.606535	11.740595	22.351847
153.1	2.833776	8.906760	11.740535	22.417502
153.2	7.988228	3.752294	11.740522	22.485332
153.3	10.835713	0.904861	11.740574	22.562191
153.4	7.550896	4.189752	11.740648	22.652215
153.5	2.441759	9.298865	11.740624	22.754419
153.6	2.244907	9.495651	11.740558	22.861951
153.7	7.083578	4.656959	11.740537	22.963117
153.8	10.301395	1.439193	11.740588	23.043791
153.9	7.477969	4.262674	11.740643	23.090525
154	2.460650	9.279975	11.740625	23.093605
154.1	2.184388	9.556179	11.740567	23.049399
154.2	7.220388	4.520149	11.740537	22.961577
154.3	10.871028	0.869560	11.740588	22.840955
154.4	8.140539	3.600108	11.740648	22.704003
154.5	2.522650	9.217987	11.740638	22.570186
154.6	1.407441	10.333126	11.740566	22.458528
154.7	6.231397	5.509135	11.740532	22.383968
154.8	10.594471	1.146108	11.740578	22.354220
154.9	8.845624	2.895017	11.740641	22.367890
155	3.572581	8.168056	11.740638	22.414423
155.1	1.983819	9.756764	11.740582	22.476113
155.2	6.165570	5.574973	11.740543	22.531894
155.3	10.359844	1.380736	11.740580	22.562093
155.4	8.825569	2.915070	11.740640	22.552960
155.5	3.590597	8.150045	11.740642	22.499750
155.6	1.688770	10.051805	11.740575	22.407476
155.7	5.720852	6.019680	11.740532	22.289094
155.8	10.450252	1.290310	11.740562	22.161665
155.9	9.846845	1.893785	11.740630	22.041689
156	4.978642	6.762008	11.740650	21.941047
156.1	2.295821	9.444772	11.740593	21.864779
156.2	4.947402	6.793144	11.740546	21.811249
156.3	8.907755	2.832811	11.740565	21.774397
156.4	8.792243	2.948371	11.740615	21.747044
156.5	5.112757	6.627838	11.740595	21.723838
156.6	3.196769	8.543788	11.740558	21.702627
156.7	5.660658	6.079874	11.740532	21.683789
156.8	8.942325	2.798225	11.740550	21.667900
156.9	8.432052	3.308536	11.740588	21.652921
157	4.849615	6.890988	11.740603	21.632412
157.1	3.095332	8.645232	11.740563	21.595979
157.2	5.416731	6.323808	11.740539	21.532247
157.3	8.452941	3.287613	11.740555	21.433588
157.4	8.063127	3.677467	11.740594	21.300898
157.5	5.013135	6.727467	11.740602	21.146414
157.6	3.660396	8.080174	11.740570	20.992999
157.7	5.729788	6.010761	11.740549	20.869470
157.8	8.020008	3.720561	11.740569	20.803017
157.9	7.129640	4.610968	11.740607	20.810954
158	4.358373	7.382233	11.740606	20.894584
158.1	3.814844	7.925730	11.740574	21.037504
158.2	6.475566	5.264987	11.740553	21.209323
158.3	8.691246	3.049334	11.740579	21.373940
158.4	7.315724	4.424891	11.740615	21.499931
158.5	4.205337	7.535264	11.740601	21.569662
158.6	3.664818	8.075745	11.740563	21.584063
158.7	6.387454	5.353082	11.740536	21.561339
158.8	8.471058	3.269507	11.740565	21.529942
158.9	6.974798	4.765800	11.740598	21.518166
159	4.167421	7.573168	11.740590	21.543966
159.1	4.333562	7.406986	11.740547	21.608620
159.2	7.535530	4.205019	11.740549	21.696577
159.3	9.254912	2.485675	11.740587	21.781680
159.4	6.715782	5.024844	11.740626	21.837615
159.5	3.101506	8.639100	11.740607	21.848846
159.6	3.459365	8.281199	11.740564	21.817980
159.7	7.651997	4.088549	11.740546	21.766615
159.8	10.202528	1.538062	11.740589	21.729027
159.9	7.628434	4.112201	11.740635	21.740572
160	3.345755	8.394863	11.740618	21.824728
160.1	3.187518	8.553049	11.740567	21.983360
160.2	7.401373	4.339172	11.740545	22.193852
160.3	10.124205	1.616386	11.740591	22.414538
160.4	7.339925	4.400716	11.740641	22.596962
160.5	2.580975	9.159650	11.740624	22.701131
160.6	2.376631	9.363925	11.740556	22.708710
160.7	7.352271	4.388257	11.740528	22.629684
160.8	11.084591	0.655985	11.740577	22.500075
160.9	8.550719	3.189919	11.740638	22.371285
161	2.935283	8.805348	11.740631	22.294412
161.1	1.519727	10.220846	11.740573	22.304599
161.2	6.015662	5.724874	11.740535	22.410455
161.3	10.303556	1.437019	11.740575	22.591898
161.4	8.662994	3.077644	11.740638	22.806950
161.5	3.435892	8.304746	11.740638	23.005067
161.6	1.792709	9.947865	11.740574	23.142472
161.7	5.981898	5.758643	11.740541	23.194476
161.8	10.266772	1.473807	11.740579	23.160930
161.9	8.713765	3.026877	11.740643	23.063449
162	3.294014	8.446632	11.740646	22.935880
162.1	1.305103	10.435490	11.740593	22.811725
162.2	5.550395	6.190138	11.740533	22.713079
162.3	10.514724	1.225841	11.740565	22.644884
162.4	9.699549	2.041083	11.740632	22.596160
162.5	4.260887	7.479757	11.740644	22.547307
162.6	1.392769	10.347799	11.740568	22.480334
162.7	4.723796	7.016719	11.740516	22.387921
162.8	9.634354	2.106184	11.740538	22.277754
162.9	9.622161	2.118440	11.740601	22.170482
163	4.983083	6.757542	11.740624	22.092040
163.1	2.182933	9.557651	11.740585	22.063282
163.2	5.013479	6.727063	11.740542	22.090860
163.3	9.579621	2.160939	11.740560	22.162919
163.4	9.716604	2.024014	11.740618	22.251370
163.5	5.296063	6.444579	11.740642	22.320146
163.6	2.234474	9.506119	11.740593	22.336653
163.7	4.459761	7.280774	11.740534	22.282420
163.8	8.824232	2.916313	11.740545	22.159221
163.9	9.604952	2.135643	11.740596	21.988529
164	6.161960	5.578663	11.740624	21.804500
164.1	3.402299	8.338293	11.740592	21.642927
164.2	4.838591	6.901982	11.740573	21.530001
164.3	7.991553	3.749026	11.740579	21.474701
164.4	8.214160	3.526460	11.740621	21.467290
164.5	5.263451	6.477183	11.740633	21.484212
164.6	3.453007	8.287591	11.740599	21.497428
164.7	5.438050	6.302517	11.740567	21.484743
164.8	8.491862	3.248722	11.740584	21.437412
164.9	8.395588	3.345036	11.740624	21.362434
165	5.330420	6.410215	11.740635	21.278877
165.1	3.512098	8.228503	11.740601	21.209820
165.2	5.230894	6.509676	11.740571	21.172990
165.3	7.759981	3.980616	11.740597	21.173621
165.4	7.393269	4.347362	11.740631	21.202219
165.5	4.762511	6.978124	11.740635	21.238037
165.6	3.859730	7.880883	11.740613	21.257042
165.7	6.204836	5.535753	11.740589	21.241484
165.8	8.534684	3.205918	11.740602	21.187583
165.9	7.402065	4.338575	11.740640	21.108497
166	4.197510	7.543128	11.740638	21.031387
166.1	3.365994	8.374604	11.740597	20.989391
166.2	6.173305	5.567265	11.740570	21.011101
166.3	8.806615	2.933995	11.740611	21.110979
166.4	7.642695	4.097955	11.740649	21.283823
166.5	4.378609	7.362038	11.740646	21.505099
166.6	3.716231	8.024374	11.740604	21.737022
166.7	6.694284	5.046300	11.740585	21.938501
166.8	9.065507	2.675109	11.740617	22.075919
166.9	7.233489	4.507168	11.740657	22.131579
167	3.549482	8.191165	11.740647	22.107518
167.1	3.321358	8.419233	11.740590	22.023883
167.2	7.355867	4.384692	11.740559	21.912705
167.3	10.421026	1.319574	11.740601	21.809178
167.4	8.175771	3.564870	11.740641	21.743027
167.5	3.300841	8.439796	11.740637	21.732265
167.6	2.210155	9.530429	11.740584	21.780686
167.7	6.447343	5.293205	11.740549	21.879214
167.8	10.416698	1.323899	11.740598	22.010160
167.9	8.793328	2.947328	11.740656	22.152788
168	3.755304	7.985361	11.740665	22.288535
168.1	2.142767	9.597856	11.740623	22.404616
168.2	6.196263	5.544330	11.740593	22.495440
168.3	10.397241	1.343383	11.740623	22.561959
168.4	8.858846	2.881841	11.740687	22.609607
168.5	3.391133	8.349558	11.740691	22.645640
168.6	1.250112	10.490512	11.740624	22.676681
168.7	5.429237	6.311344	11.740581	22.707004
168.8	10.532792	1.207812	11.740604	22.737812
168.9	9.885778	1.854913	11.740691	22.767468
169	4.408194	7.332517	11.740712	22.792519
169.1	1.343671	10.396989	11.740660	22.809178
169.2	4.558073	7.182530	11.740603	22.814895
169.3	9.457821	2.282817	11.740638	22.809594
169.4	9.312262	2.428442	11.740705	22.796209
169.5	4.376380	7.364349	11.740730	22.780226
169.6	1.489921	10.250753	11.740674	22.768216
169.7	4.753905	6.986705	11.740610	22.765600
169.8	9.929085	1.811547	11.740633	22.774243
169.9	10.114839	1.625862	11.740700	22.790683
170	5.018145	6.722573	11.740718	22.805765
170.1	1.338308	10.402368	11.740677	22.806125
170.2	3.825044	7.915570	11.740614	22.777442
170.3	9.059474	2.681147	11.740621	22.708708
170.4	10.179986	1.560710	11.740696	22.596300
170.5	6.018271	5.722452	11.740723	22.446499
170.6	2.395265	9.345424	11.740689	22.275387
170.7	4.110838	7.629797	11.740635	22.105836
170.8	8.610941	3.129698	11.740639	21.962191
170.9	9.715252	2.025445	11.740697	21.864090
171	6.051046	5.689672	11.740718	21.821269
171.1	2.723702	9.016970	11.740672	21.830965
171.2	4.230923	7.509693	11.740617	21.878824
171.3	8.452961	3.287657	11.740618	21.943039
171.4	9.738704	2.001964	11.740668	22.000436
171.5	6.576241	5.164468	11.740709	22.032531
171.6	3.366732	8.373946	11.740677	22.029647
171.7	4.217983	7.522645	11.740628	21.991852
171.8	7.518701	4.221927	11.740628	21.926647
171.9	8.557482	3.183184	11.740666	21.844523
172	6.159874	5.580826	11.740699	21.754253
172.1	4.038771	7.701906	11.740677	21.659836
172.2	5.275380	6.465265	11.740645	21.560302
172.3	7.940512	3.800097	11.740609	21.452425
172.4	7.985569	3.755073	11.740642	21.335077
172.5	5.134998	6.605653	11.740651	21.213215
172.6	3.346706	8.393916	11.740622	21.099488
172.7	5.200804	6.539787	11.740591	21.012256
172.8	8.199677	3.540926	11.740603	20.970268
172.9	8.241236	3.499419	11.740654	20.985655
173	5.365521	6.375137	11.740657	21.057850
173.1	3.650257	8.090374	11.740631	21.170999
173.2	5.405940	6.334674	11.740614	21.296418
173.3	7.909666	3.830965	11.740630	21.399920
173.4	7.348930	4.391737	11.740667	21.452012
173.5	4.394513	7.346162	11.740675	21.437684
173.6	3.393827	8.346814	11.740641	21.362382
173.7	6.158784	5.581831	11.740616	21.251759
173.8	9.131794	2.608846	11.740641	21.144844
173.9	8.171099	3.569586	11.740685	21.082502
174	4.433455	7.307241	11.740696	21.094765
174.1	2.997298	8.743355	11.740653	21.191216
174.2	5.871393	5.869225	11.740618	21.357713
174.3	9.072305	2.668340	11.740644	21.560707
174.4	8.064080	3.676611	11.740691	21.757852
174.5	4.183713	7.556979	11.740692	21.911428
174.6	2.991319	8.749311	11.740630	22.000076
174.7	6.529977	5.210620	11.740597	22.024867
174.8	10.170803	1.569826	11.740629	22.007634
174.9	8.737929	3.002756	11.740686	21.982178
175	3.775162	7.965528	11.740690	21.981458
175.1	1.833201	9.907440	11.740641	22.025310
175.2	5.713982	6.026624	11.740605	22.113088
175.3	10.461150	1.279485	11.740635	22.223921
175.4	9.796504	1.944196	11.740700	22.324598
175.5	4.552609	7.188106	11.740715	22.382333
175.6	1.674891	10.065769	11.740660	22.377889
175.7	4.945371	6.795240	11.740611	22.314297
175.8	9.865978	1.874656	11.740634	22.217870
175.9	9.694089	2.046611	11.740700	22.130854
176	4.577373	7.163347	11.740720	22.098002
176.1	1.427912	10.312755	11.740666	22.151521
176.2	4.605827	7.134789	11.740616	22.299507
176.3	9.950847	1.789787	11.740634	22.521882
176.4	10.282161	1.458542	11.740703	22.775353
176.5	5.035336	6.705394	11.740731	23.005860
176.6	1.072421	10.668262	11.740683	23.164511
176.7	3.547841	8.192755	11.740596	23.221803
176.8	9.082296	2.658308	11.740604	23.175586
176.9	10.360033	1.380637	11.740670	23.050359
177	5.894478	5.846227	11.740704	22.888399
177.1	1.847534	9.893134	11.740668	22.735926
177.2	3.602879	8.137742	11.740620	22.628999
177.3	8.566974	3.173649	11.740623	22.583755
177.4	9.844838	1.895846	11.740684	22.593886
177.5	5.662119	6.078599	11.740718	22.635666
177.6	1.742751	9.997925	11.740676	22.678243
177.7	3.520971	8.219646	11.740616	22.695212
177.8	8.799069	2.941548	11.740617	22.673323
177.9	10.713497	1.027180	11.740676	22.615421
178	6.885708	4.855009	11.740717	22.537006
178.1	2.439709	9.300980	11.740688	22.458178
178.2	3.039130	8.701509	11.740639	22.394363
178.3	7.490184	4.250443	11.740628	22.349537
178.4	9.710783	2.029893	11.740676	22.314582
178.5	7.034665	4.706049	11.740714	22.271376
178.6	3.513319	8.227369	11.740687	22.200956
178.7	4.067101	7.673519	11.740620	22.092532
178.8	7.788077	3.952537	11.740614	21.949760
178.9	9.455313	2.285343	11.740656	21.791682
179	6.829266	4.911424	11.740690	21.647716
179.1	3.574423	8.166252	11.740676	21.548281
179.2	4.033829	7.706799	11.740628	21.514311
179.3	7.326580	4.414042	11.740622	21.549378
179.4	8.838274	2.902384	11.740659	21.637296
179.5	6.714928	5.025757	11.740685	21.746194
179.6	4.209930	7.530734	11.740664	21.837777
179.7	4.844304	6.896326	11.740630	21.878727
179.8	7.434650	4.305985	11.740635	21.850465
179.9	7.979055	3.761614	11.740669	21.754105
180	5.535969	6.204717	11.740686	21.609081
180.1	3.625154	8.115499	11.740654	21.446143
180.2	5.152671	6.587942	11.740614	21.297257
180.3	8.131470	3.609160	11.740630	21.185886
180.4	8.375336	3.365318	11.740654	21.120901
180.5	5.428763	6.311908	11.740670	21.095907
180.6	3.311498	8.429151	11.740648	21.093906
180.7	4.915560	6.825053	11.740613	21.095298
180.8	7.913858	3.826763	11.740621	21.086197
180.9	8.023378	3.717286	11.740665	21.064036
181	5.100617	6.640059	11.740676	21.038513
181.1	3.419378	8.321268	11.740646	21.027695
181.2	5.590263	6.150350	11.740614	21.050761
181.3	8.667943	3.072695	11.740639	21.120086
181.4	8.139890	3.600795	11.740686	21.235515
181.5	4.407311	7.333384	11.740695	21.382864
181.6	2.566620	9.174033	11.740654	21.537237
181.7	5.445867	6.294749	11.740616	21.670072
181.8	9.447688	2.292949	11.740637	21.757634
181.9	9.223915	2.516758	11.740673	21.788230
182	5.024792	6.715895	11.740688	21.765894
182.1	2.547939	9.192702	11.740641	21.709470
182.2	5.208549	6.532049	11.740598	21.647465
182.3	9.333695	2.406911	11.740606	21.610280
182.4	9.080573	2.660090	11.740663	21.622131
182.5	4.565856	7.174837	11.740693	21.694898
182.6	1.986724	9.753915	11.740639	21.825434
182.7	5.242486	6.498103	11.740589	21.996800
182.8	10.348694	1.391916	11.740610	22.182810
182.9	10.495068	1.245610	11.740678	22.354457
183	5.209844	6.530860	11.740704	22.486528
183.1	1.241565	10.499083	11.740649	22.562841
183.2	3.714358	8.026232	11.740591	22.579096
183.3	9.293192	2.447411	11.740603	22.542997
183.4	10.592074	1.148596	11.740670	22.471923
183.5	6.006152	5.734555	11.740707	22.388872
183.6	1.794291	9.946373	11.740664	22.317630
183.7	3.614453	8.126145	11.740598	22.278133
183.8	8.910894	2.829683	11.740577	22.282865
183.9	10.403272	1.337371	11.740643	22.334905
184	5.949144	5.791555	11.740699	22.427920
184.1	1.462860	10.277797	11.740657	22.548058
184.2	2.963550	8.777041	11.740591	22.677324
184.3	8.485737	3.254856	11.740593	22.797654
184.4	10.727879	1.012761	11.740640	22.894744
184.5	6.816418	4.924235	11.740654	22.960651
184.6	2.045954	9.694659	11.740613	22.994522
184.7	2.680459	9.060103	11.740562	23.001269
184.8	7.619700	4.120864	11.740564	22.988662
184.9	10.086605	1.654016	11.740621	22.963814
185	6.856011	4.884665	11.740675	22.930294
185.1	2.487521	9.253111	11.740633	22.886940
185.2	2.996793	8.743779	11.740572	22.828856
185.3	7.704534	4.036029	11.740564	22.750324
185.4	10.261930	1.478685	11.740616	22.648567
185.5	7.277752	4.462916	11.740669	22.526902
185.6	2.801756	8.938901	11.740657	22.395883
185.7	2.765577	8.975021	11.740598	22.271687
185.8	7.086252	4.654326	11.740578	22.171956
185.9	10.020755	1.719868	11.740623	22.110320
186	7.975004	3.765650	11.740654	22.091420
186.1	4.063925	7.676722	11.740647	22.108329
186.2	3.534711	8.205894	11.740605	22.143476
186.3	6.666383	5.074204	11.740588	22.173155
186.4	8.801399	2.939223	11.740622	22.174326
186.5	7.042579	4.698086	11.740666	22.131595
186.6	4.134620	7.606037	11.740657	22.042042
186.7	4.355476	7.385131	11.740607	21.916206
186.8	7.446781	4.293821	11.740603	21.774807
186.9	9.079032	2.661605	11.740637	21.642251
187	6.990876	4.749786	11.740662	21.539094
187.1	4.081605	7.659024	11.740629	21.476029
187.2	4.233191	7.507398	11.740589	21.451447
187.3	6.902963	4.837617	11.740580	21.453315
187.4	8.093951	3.646661	11.740611	21.464568
187.5	6.164333	5.576299	11.740632	21.469907
187.6	4.124364	7.616247	11.740611	21.461377
187.7	5.173987	6.566604	11.740591	21.440570
187.8	7.931097	3.809499	11.740596	21.416604
187.9	8.286396	3.454242	11.740637	21.400711
188	5.355348	6.385312	11.740660	21.399663
188.1	3.007889	8.732735	11.740623	21.410858
188.2	4.574006	7.166580	11.740586	21.421338
188.3	8.059364	3.681233	11.740598	21.411626
188.4	8.736853	3.003787	11.740640	21.363326
188.5	5.697086	6.043563	11.740650	21.267814
188.6	3.202193	8.538420	11.740613	21.132662
188.7	4.774670	6.965905	11.740576	20.982942
188.8	8.186289	3.554297	11.740586	20.856226
188.9	8.484228	3.256404	11.740632	20.792327
189	5.018028	6.722632	11.740660	20.820854
189.1	2.606738	9.133884	11.740622	20.950708
189.2	4.926411	6.814166	11.740577	21.165298
189.3	9.159138	2.581447	11.740586	21.425522
189.4	9.561645	2.178996	11.740641	21.680030
189.5	5.366998	6.373669	11.740667	21.879772
189.6	2.129531	9.611091	11.740622	21.992255
189.7	4.327782	7.412782	11.740564	22.010880
189.8	9.143631	2.596940	11.740571	21.956226
189.9	10.085965	1.654667	11.740631	21.868806
190	5.799977	5.940685	11.740662	21.795636
190.1	2.080183	9.660438	11.740621	21.775064
190.2	4.103817	7.636719	11.740536	21.824886
190.3	9.279323	2.461217	11.740540	21.937678
190.4	10.556208	1.184395	11.740604	22.084742
190.5	5.958742	5.781899	11.740642	22.227183
190.6	1.471924	10.268677	11.740601	22.330137
190.7	3.166989	8.573558	11.740548	22.375153
190.8	9.006138	2.734404	11.740542	22.366391
190.9	11.400301	0.340306	11.740607	22.328574
191	7.232479	4.508178	11.740657	22.297465
191.1	1.974238	9.766388	11.740626	22.306338
191.2	2.384515	9.356006	11.740521	22.373303
191.3	7.578852	4.161652	11.740505	22.494047
191.4	10.396455	1.344106	11.740560	22.642598
191.5	7.110188	4.630422	11.740610	22.779924
191.6	2.357521	9.383064	11.740585	22.867408
191.7	2.732308	9.008202	11.740510	22.880503
191.8	7.803659	3.936834	11.740493	22.817797
191.9	10.705755	1.034792	11.740547	22.702316
192	7.428426	4.312174	11.740601	22.574560
192.1	2.223683	9.516895	11.740579	22.479615
192.2	1.893414	9.847098	11.740513	22.452692
192.3	6.737623	5.002875	11.740498	22.507906
192.4	10.303396	1.437148	11.740545	22.633933
192.5	8.087134	3.653465	11.740599	22.797863
192.6	3.382452	8.358144	11.740596	22.955672
192.7	2.579402	9.161131	11.740533	23.065693
192.8	6.528817	5.211659	11.740477	23.100543
192.9	9.644796	2.095720	11.740516	23.053739
193	7.679211	4.061352	11.740563	22.939230
193.1	3.430384	8.310171	11.740555	22.784536
193.2	2.766091	8.974405	11.740496	22.620390
193.3	6.620111	5.120354	11.740465	22.470740
193.4	9.863293	1.877189	11.740482	22.346579
193.5	8.338618	3.401910	11.740528	22.245407
193.6	4.325881	7.414646	11.740528	22.156007
193.7	3.186784	8.553697	11.740481	22.066162
193.8	6.096500	5.643957	11.740457	21.970009
193.9	8.803001	2.937485	11.740487	21.872002
194	7.736705	4.003818	11.740523	21.785884
194.1	4.777008	6.963512	11.740520	21.729094
194.2	4.262840	7.477645	11.740486	21.714839
194.3	6.786221	4.954234	11.740455	21.745020
194.4	8.540758	3.199724	11.740482	21.806945
194.5	6.911399	4.829114	11.740513	21.875396
194.6	4.221273	7.519229	11.740502	21.919604
194.7	4.356017	7.384456	11.740473	21.912886
194.8	7.169486	4.570964	11.740450	21.841629
194.9	8.671428	3.069054	11.740482	21.710472
195	6.718159	5.022351	11.740510	21.541763
195.1	4.080281	7.660216	11.740497	21.369332
195.2	4.483845	7.256622	11.740467	21.228573
195.3	7.245341	4.495128	11.740469	21.146021
195.4	8.203266	3.537240	11.740505	21.131798
195.5	5.731018	6.009511	11.740529	21.177270
195.6	3.266252	8.474253	11.740505	21.258504
195.7	4.556166	7.184306	11.740472	21.344224
195.8	8.180264	3.560205	11.740470	21.405531
195.9	9.219026	2.521506	11.740532	21.424248
196	6.036597	5.703964	11.740560	21.397316
196.1	2.764194	8.976337	11.740531	21.336148
196.2	3.781188	7.959308	11.740496	21.261558
196.3	7.654422	4.086071	11.740493	21.196228
196.4	9.021503	2.719061	11.740564	21.157405
196.5	6.013220	5.727375	11.740595	21.152197
196.6	2.953150	8.787414	11.740565	21.176778
196.7	4.390442	7.350085	11.740526	21.219450
196.8	8.591286	3.149241	11.740527	21.266164
196.9	9.672090	2.068492	11.740583	21.306400
197	5.746226	5.994398	11.740624	21.337362
197.1	1.884454	9.856133	11.740587	21.365110
197.2	3.469388	8.271141	11.740529	21.402377
197.3	8.748310	2.992216	11.740526	21.463932
197.4	10.876507	0.864150	11.740657	21.561102
197.5	7.021361	4.719315	11.740675	21.697196
197.6	2.296556	9.444088	11.740644	21.865269
197.7	3.008781	8.731796	11.740577	22.048839
197.8	8.160592	3.579978	11.740571	22.225290
197.9	10.725592	1.015036	11.740627	22.370993
198	7.126638	4.614097	11.740735	22.466780
198.1	2.161935	9.578783	11.740718	22.502438
198.2	2.617248	9.123410	11.740657	22.479184
198.3	8.071083	3.669556	11.740638	22.409694
198.4	11.319341	0.421355	11.740696	22.315691
198.5	7.965894	3.774859	11.740753	22.223673
198.6	2.342356	9.398381	11.740736	22.159634
198.7	1.781980	9.958652	11.740632	22.143807
198.8	6.894945	4.845656	11.740602	22.186474
198.9	10.841608	0.899042	11.740651	22.285716
199	8.495646	3.245066	11.740712	22.427623
199.1	3.167431	8.573271	11.740702	22.589112
199.2	1.978074	9.762547	11.740622	22.742847
199.3	6.279480	5.461108	11.740588	22.863280
199.4	10.024286	1.716337	11.740623	22.932426
199.5	8.092927	3.647760	11.740687	22.943938
199.6	3.187144	8.553540	11.740684	22.904352
199.7	2.046964	9.693642	11.740606	22.831046
199.8	6.281067	5.459507	11.740574	22.747401
199.9	10.247356	1.493255	11.740611	22.676419
200	8.704967	3.035671	11.740637	22.634625
