#time	ekin		epot		etot		chain_length
0	11.740600	0.000000	11.740600	22.000000
0.1	8.333063	3.408132	11.741195	22.306748
0.2	2.543265	9.197753	11.741018	22.555804
0.3	1.799924	9.940394	11.740318	22.705976
0.4	6.753485	4.986538	11.740023	22.743829
0.5	10.614159	1.126343	11.740502	22.686221
0.6	8.333789	3.407300	11.741088	22.573507
0.7	3.237022	8.503972	11.740994	22.455908
0.8	2.325140	9.415226	11.740365	22.377654
0.9	6.776726	4.963338	11.740064	22.364124
1	10.470519	1.269977	11.740496	22.415997
1.1	8.351671	3.389402	11.741073	22.511898
1.2	3.221219	8.519802	11.741021	22.618131
1.3	1.869165	9.871253	11.740418	22.701726
1.4	5.950106	5.789968	11.740074	22.742097
1.5	9.924036	1.816396	11.740431	22.737335
1.6	8.623272	3.117717	11.740989	22.703221
1.7	4.060956	7.680047	11.741003	22.665728
1.8	2.429250	9.311236	11.740486	22.650060
1.9	5.663938	6.076221	11.740159	22.670415
2	9.077226	2.663223	11.740450	22.724227
2.1	7.990401	3.750534	11.740934	22.792926
2.2	4.074426	7.666515	11.740941	22.848802
2.3	2.840167	8.900306	11.740473	22.865368
2.4	5.997608	5.742572	11.740180	22.827388
2.5	9.228975	2.511482	11.740457	22.736932
2.6	8.217757	3.523158	11.740915	22.613287
2.7	4.473956	7.266978	11.740935	22.486794
2.8	3.071504	8.669009	11.740514	22.388827
2.9	5.684460	6.055778	11.740238	22.341430
3	8.555495	3.184966	11.740461	22.350183
3.1	7.910225	3.830616	11.740841	22.402641
3.2	5.062674	6.678171	11.740845	22.472685
3.3	4.235369	7.505131	11.740500	22.529100
3.4	6.474512	5.265809	11.740321	22.545310
3.5	8.327250	3.413315	11.740564	22.506946
3.6	6.973536	4.767332	11.740868	22.414885
3.7	4.346375	7.394405	11.740780	22.283076
3.8	4.346649	7.393767	11.740415	22.132376
3.9	7.176080	4.564215	11.740295	21.982891
4	8.939197	2.801404	11.740601	21.847719
4.1	7.152504	4.588403	11.740907	21.730245
4.2	4.325288	7.415492	11.740780	21.625677
4.3	4.430335	7.310068	11.740404	21.525876
4.4	7.204327	4.535997	11.740324	21.425297
4.5	8.448230	3.292439	11.740669	21.325517
4.6	6.070735	5.670209	11.740943	21.236428
4.7	3.317713	8.423012	11.740725	21.173506
4.8	4.357588	7.382697	11.740285	21.152093
4.9	8.210059	3.530186	11.740245	21.180820
5	9.697304	2.043399	11.740703	21.256641
5.1	6.492468	5.248591	11.741060	21.363491
5.2	2.599352	9.141466	11.740818	21.475270
5.3	3.155313	8.584971	11.740284	21.562427
5.4	7.417126	4.323049	11.740175	21.600114
5.5	9.620075	2.120567	11.740642	21.575377
5.6	6.785485	4.955562	11.741048	21.491134
5.7	2.862695	8.878134	11.740829	21.365700
5.8	3.368902	8.371379	11.740281	21.228043
5.9	7.722646	4.017521	11.740167	21.110220
6	9.871887	1.868780	11.740667	21.039213
6.1	6.591969	5.149137	11.741106	21.030460
6.2	2.145959	9.594904	11.740862	21.084737
6.3	2.692935	9.047300	11.740235	21.188973
6.4	7.829752	3.910316	11.740068	21.320465
6.5	10.855648	0.884959	11.740607	21.453083
6.6	7.687925	4.053222	11.741146	21.563682
6.7	2.474912	9.266049	11.740961	21.637122
6.8	2.164642	9.575650	11.740292	21.668842
6.9	7.181338	4.558698	11.740035	21.664702
7	10.792324	0.948213	11.740537	21.638497
7.1	8.142036	3.599087	11.741123	21.608026
7.2	2.830439	8.910559	11.740998	21.590767
7.3	2.107245	9.633080	11.740325	21.600150
7.4	7.082870	4.657139	11.740009	21.643109
7.5	11.150098	0.590387	11.740485	21.719305
7.6	8.808844	2.932281	11.741125	21.822011
7.7	3.068581	8.672495	11.741076	21.940359
7.8	1.480540	10.259861	11.740401	22.062371
7.9	6.110481	5.629510	11.739991	22.178051
8	10.855871	0.884507	11.740378	22.281741
8.1	9.603379	2.137656	11.741035	22.373092
8.2	4.236365	7.504735	11.741099	22.456297
8.3	1.885746	9.854771	11.740517	22.537718
8.4	5.346802	6.393288	11.740089	22.622540
8.5	9.582807	2.157569	11.740377	22.711522
8.6	8.775451	2.965509	11.740960	22.799017
8.7	4.169669	7.571367	11.741036	22.873204
8.8	2.175643	9.564866	11.740509	22.918826
8.9	5.558291	6.181812	11.740103	22.921911
9	9.756448	1.983919	11.740366	22.875132
9.1	9.153102	2.587835	11.740937	22.782049
9.2	4.608544	7.132511	11.741055	22.658545
9.3	2.120015	9.620570	11.740585	22.530545
9.4	4.693241	7.046934	11.740175	22.428191
9.5	8.542241	3.198115	11.740356	22.377904
9.6	8.511353	3.229489	11.740841	22.394619
9.7	5.031284	6.709671	11.740955	22.476665
9.8	3.182008	8.558557	11.740565	22.605125
9.9	5.504549	6.235687	11.740237	22.748187
10	8.616286	3.124142	11.740427	22.869451
10.1	8.101894	3.638967	11.740861	22.937781
10.2	4.669456	7.071476	11.740932	22.935743
10.3	3.066075	8.674471	11.740546	22.863994
10.4	5.464266	6.275972	11.740239	22.740259
10.5	8.574269	3.166150	11.740419	22.593272
10.6	8.320429	3.420389	11.740818	22.453693
10.7	5.390005	6.350880	11.740885	22.344997
10.8	3.999075	7.741484	11.740559	22.277282
10.9	5.873228	5.867098	11.740325	22.245902
11	8.012198	3.728312	11.740510	22.235113
11.1	7.223194	4.517628	11.740823	22.225153
11.2	4.775477	6.965314	11.740791	22.200037
11.3	4.489830	7.250622	11.740452	22.153128
11.4	7.061791	4.678514	11.740305	22.088503
11.5	8.867951	2.872638	11.740589	22.017744
11.6	7.118124	4.622794	11.740917	21.953591
11.7	4.037973	7.702841	11.740814	21.903121
11.8	3.937976	7.802424	11.740400	21.863351
11.9	7.099336	4.640917	11.740253	21.821277
12	9.160721	2.579873	11.740594	21.758614
12.1	7.137649	4.603308	11.740958	21.659651
12.2	3.744396	7.996431	11.740827	21.519246
12.3	3.765333	7.975033	11.740366	21.347733
12.4	7.301870	4.438353	11.740223	21.170462
12.5	9.381287	2.359338	11.740624	21.021590
12.6	6.790960	4.950070	11.741031	20.933858
12.7	2.788935	8.951926	11.740861	20.927738
12.8	2.909849	8.830461	11.740310	21.003765
12.9	7.322703	4.417415	11.740119	21.140961
13	10.284576	1.455992	11.740568	21.302248
13.1	7.771016	3.970056	11.741072	21.445299
13.2	3.033864	8.707089	11.740953	21.535347
13.3	2.349902	9.390465	11.740367	21.555627
13.4	6.532577	5.207533	11.740109	21.511894
13.5	9.769421	1.971111	11.740532	21.429435
13.6	7.539001	4.202054	11.741055	21.343581
13.7	2.894027	8.846918	11.740946	21.287066
13.8	2.404183	9.336148	11.740331	21.278658
13.9	7.104966	4.635082	11.740048	21.317126
14	10.819030	0.921479	11.740509	21.382678
14.1	8.385662	3.355458	11.741120	21.445358
14.2	2.784344	8.956714	11.741057	21.477363
14.3	1.373367	10.367020	11.740386	21.464744
14.4	6.093893	5.646095	11.739989	21.414133
14.5	10.790046	0.950345	11.740390	21.351827
14.6	9.362556	2.378498	11.741054	21.315284
14.7	3.883193	7.857903	11.741097	21.339859
14.8	1.771521	9.968950	11.740471	21.445396
14.9	5.820018	5.920010	11.740027	21.627500
15	10.479913	1.260452	11.740365	21.856815
15.1	9.383002	2.358025	11.741027	22.086906
15.2	3.945031	7.796087	11.741118	22.268364
15.3	1.472789	10.267721	11.740510	22.364550
15.4	5.353820	6.386192	11.740012	22.363710
15.5	10.522699	1.217586	11.740285	22.283352
15.6	10.229277	1.511686	11.740963	22.165301
15.7	4.963607	6.777548	11.741155	22.062973
15.8	1.646724	10.093905	11.740629	22.024955
15.9	4.371904	7.368199	11.740103	22.080209
16	9.178330	2.561930	11.740260	22.229592
16.1	9.635921	2.104932	11.740853	22.446258
16.2	5.439845	6.301226	11.741071	22.684550
16.3	2.480806	9.259839	11.740645	22.894223
16.4	4.653157	7.087027	11.740184	23.035257
16.5	8.708076	3.032240	11.740316	23.088516
16.6	8.950484	2.790357	11.740841	23.059134
16.7	5.076906	6.664123	11.741029	22.972078
16.8	2.440807	9.299821	11.740628	22.861967
16.9	4.627522	7.112671	11.740193	22.761013
17	8.637492	3.102817	11.740309	22.689299
17.1	9.116402	2.624401	11.740803	22.650503
17.2	5.611715	6.129288	11.741003	22.634019
17.3	2.948601	8.792063	11.740664	22.622122
17.4	4.500139	7.240136	11.740275	22.599052
17.5	7.763975	3.976387	11.740362	22.558432
17.6	8.134263	3.606505	11.740769	22.506232
17.7	5.339018	6.401890	11.740907	22.458309
17.8	3.591464	8.149127	11.740591	22.433636
17.9	5.502965	6.237314	11.740279	22.445939
18	8.432139	3.308276	11.740416	22.497010
18.1	8.291515	3.449293	11.740808	22.574276
18.2	5.304092	6.436816	11.740908	22.653629
18.3	3.611484	8.129103	11.740587	22.706550
18.4	5.417953	6.322352	11.740305	22.709041
18.5	8.002304	3.738146	11.740449	22.649241
18.6	7.734441	4.006350	11.740791	22.531124
18.7	5.267546	6.473279	11.740825	22.373080
18.8	4.478877	7.261628	11.740505	22.201997
18.9	6.719991	5.020321	11.740311	22.044971
19	8.705321	3.035235	11.740555	21.921489
19.1	7.220241	4.520667	11.740908	21.838637
19.2	3.987152	7.753697	11.740849	21.790715
19.3	3.546755	8.193664	11.740419	21.763019
19.4	6.846680	4.893524	11.740204	21.738164
19.5	9.582600	2.157923	11.740523	21.702530
19.6	7.960469	3.780492	11.740961	21.650548
19.7	4.061163	7.679752	11.740915	21.585512
19.8	3.177960	8.562477	11.740437	21.516906
19.9	6.526030	5.214154	11.740185	21.455551
20	9.402186	2.338337	11.740522	21.408599
20.1	7.601546	4.139448	11.740994	21.376326
20.2	3.391623	8.349310	11.740933	21.351955
20.3	2.621715	9.118678	11.740393	21.324518
20.4	6.649286	5.090818	11.740104	21.283652
20.5	10.175150	1.565337	11.740487	21.224501
20.6	8.273540	3.467509	11.741049	21.150885
20.7	3.229682	8.511348	11.741029	21.075481
20.8	1.711300	10.029133	11.740433	21.016861
20.9	5.826903	5.913146	11.740050	20.994231
21	10.148666	1.591732	11.740398	21.021540
21.1	8.921980	2.819034	11.741014	21.102750
21.2	3.840675	7.900393	11.741067	21.229734
21.3	1.803853	9.936633	11.740486	21.383407
21.4	5.567994	6.172068	11.740062	21.537766
21.5	9.952305	1.788075	11.740380	21.665743
21.6	8.854985	2.886028	11.741013	21.745323
21.7	3.642864	8.098227	11.741090	21.764449
21.8	1.455592	10.284891	11.740483	21.723613
21.9	5.557445	6.182552	11.739997	21.635688
22	10.751003	0.989295	11.740297	21.523172
22.1	10.184281	1.556722	11.741003	21.413557
22.2	4.517598	7.223589	11.741187	21.333839
22.3	1.126127	10.614480	11.740607	21.305258
22.4	4.342929	7.397105	11.740034	21.339287
22.5	9.777322	1.962896	11.740218	21.435592
22.6	10.263020	1.477872	11.740892	21.582389
22.7	5.396039	6.345110	11.741149	21.759137
22.8	1.905528	9.835129	11.740657	21.941077
22.9	4.509709	7.230383	11.740092	22.104689
23	9.631385	2.108834	11.740218	22.232833
23.1	10.324213	1.416648	11.740861	22.318343
23.2	5.623544	6.117613	11.741158	22.365075
23.3	1.746420	9.994301	11.740720	22.386053
23.4	3.709814	8.030327	11.740141	22.399126
23.5	8.751905	2.988274	11.740179	22.421304
23.6	10.239051	1.501704	11.740754	22.463447
23.7	6.523056	5.218030	11.741087	22.526966
23.8	2.817046	8.923715	11.740761	22.603656
23.9	3.907982	7.832277	11.740259	22.678814
24	7.837237	3.903028	11.740265	22.736698
24.1	8.952280	2.788459	11.740740	22.766518
24.2	5.782766	5.958238	11.741005	22.766834
24.3	2.874962	8.865734	11.740696	22.746693
24.4	4.331547	7.408705	11.740251	22.722860
24.5	8.162063	3.578222	11.740285	22.713884
24.6	9.136891	2.603853	11.740744	22.732938
24.7	5.992327	5.748673	11.741000	22.781952
24.8	3.028740	8.711977	11.740717	22.849315
24.9	4.109577	7.630724	11.740301	22.912291
25	7.495947	4.244366	11.740313	22.943713
25.1	8.505809	3.234897	11.740706	22.920958
25.2	6.030493	5.710422	11.740915	22.834254
25.3	3.816199	7.924467	11.740666	22.691424
25.4	4.985600	6.754736	11.740337	22.517189
25.5	7.687720	4.052681	11.740402	22.346947
25.6	7.920879	3.819880	11.740758	22.216790
25.7	5.340418	6.400464	11.740883	22.152881
25.8	3.743224	7.997364	11.740588	22.163615
25.9	5.590779	6.149511	11.740291	22.237143
26	8.422484	3.317936	11.740420	22.345080
26.1	8.304237	3.436563	11.740800	22.451172
26.2	5.427934	6.312961	11.740895	22.522026
26.3	3.868886	7.871688	11.740574	22.536356
26.4	5.783761	5.956538	11.740300	22.489794
26.5	8.300305	3.440167	11.740472	22.393867
26.6	7.628400	4.112446	11.740846	22.269873
26.7	4.624102	7.116765	11.740867	22.140120
26.8	3.765819	7.974652	11.740471	22.019888
26.9	6.734596	5.005614	11.740210	21.913084
27	9.659289	2.081200	11.740489	21.813065
27.1	8.259674	3.481290	11.740964	21.708103
27.2	3.985624	7.755358	11.740982	21.589106
27.3	2.428883	9.311603	11.740486	21.456341
27.4	5.785054	5.955075	11.740128	21.322179
27.5	9.641911	2.098491	11.740402	21.208447
27.6	8.790772	2.950175	11.740947	21.139044
27.7	4.355296	7.385726	11.741022	21.130446
27.8	2.400018	9.340497	11.740515	21.183729
27.9	5.667655	6.072463	11.740118	21.281421
28	9.677335	2.063056	11.740391	21.390880
28.1	8.725312	3.015668	11.740981	21.473557
28.2	3.789181	7.951897	11.741078	21.497284
28.3	1.458699	10.281823	11.740522	21.447405
28.4	5.076343	6.663701	11.740043	21.332772
28.5	10.034143	1.706149	11.740292	21.184199
28.6	9.791201	1.949749	11.740950	21.045539
28.7	4.661470	7.079673	11.741143	20.960108
28.8	1.473026	10.267587	11.740613	20.956908
28.9	4.422171	7.317905	11.740076	21.041277
29	9.420943	2.319314	11.740257	21.193187
29.1	9.631761	2.109145	11.740907	21.373836
29.2	4.760593	6.980544	11.741137	21.538352
29.3	1.507643	10.232980	11.740623	21.650295
29.4	4.485667	7.254388	11.740055	21.693055
29.5	9.868139	1.872069	11.740209	21.674260
29.6	10.434621	1.306274	11.740895	21.621816
29.7	5.298244	6.442957	11.741201	21.573034
29.8	1.207048	10.533664	11.740711	21.560802
29.9	3.600509	8.139561	11.740070	21.601683
30	9.378545	2.361575	11.740120	21.690203
30.1	11.039398	0.701388	11.740786	21.801325
30.2	6.599871	5.141314	11.741185	21.900219
30.3	2.057805	9.683004	11.740809	21.955833
30.4	3.275916	8.464270	11.740186	21.953379
30.5	8.291147	3.448999	11.740145	21.901220
30.6	10.233199	1.507515	11.740714	21.829544
30.7	6.650230	5.090874	11.741104	21.781116
30.8	2.616681	9.124114	11.740795	21.797133
30.9	3.668256	8.071967	11.740223	21.902968
31	8.333731	3.406436	11.740167	22.098645
31.1	10.284493	1.456200	11.740693	22.357327
31.2	6.932717	4.808372	11.741089	22.632401
31.3	2.765486	8.975354	11.740840	22.870862
31.4	3.139270	8.601033	11.740303	23.028667
31.5	7.183579	4.556618	11.740197	23.083129
31.6	9.318158	2.422468	11.740626	23.038518
31.7	6.945288	4.795689	11.740977	22.923345
31.8	3.696771	8.044013	11.740784	22.780574
31.9	4.097968	7.642384	11.740352	22.654200
32	7.320969	4.419328	11.740297	22.576652
32.1	8.597142	3.143543	11.740685	22.560896
32.2	6.027524	5.713434	11.740959	22.599348
32.3	3.192434	8.548296	11.740730	22.669279
32.4	4.067944	7.672374	11.740317	22.742281
32.5	7.492652	4.247636	11.740288	22.794231
32.6	8.858601	2.882070	11.740671	22.812323
32.7	6.506470	5.234462	11.740932	22.797096
32.8	3.862051	7.878676	11.740727	22.759356
32.9	4.496385	7.243985	11.740370	22.713708
33	7.195048	4.545322	11.740370	22.671548
33.1	7.911087	3.829620	11.740706	22.636284
33.2	5.653135	6.087742	11.740877	22.602538
33.3	3.868705	7.871919	11.740624	22.559407
33.4	5.395590	6.344720	11.740310	22.496271
33.5	8.255633	3.484766	11.740398	22.408690
33.6	8.384224	3.356558	11.740782	22.301936
33.7	5.479889	6.261030	11.740919	22.190666
33.8	3.592430	8.148174	11.740604	22.094734
33.9	5.445903	6.294372	11.740275	22.032589
34	8.478740	3.261664	11.740404	22.014645
34.1	8.355752	3.385068	11.740820	22.039005
34.2	5.162108	6.578822	11.740929	22.091103
34.3	3.466958	8.273599	11.740557	22.147442
34.4	5.903684	5.836535	11.740219	22.182182
34.5	9.207765	2.532650	11.740415	22.174426
34.6	8.548944	3.191964	11.740908	22.113840
34.7	4.413121	7.327890	11.741011	22.002935
34.8	2.341275	9.399267	11.740541	21.855483
34.9	5.454811	6.285299	11.740110	21.691851
35	9.892563	1.847755	11.740318	21.532970
35.1	9.720792	2.020125	11.740917	21.394963
35.2	4.963421	6.777694	11.741115	21.286034
35.3	1.791411	9.949228	11.740639	21.206329
35.4	4.328484	7.411638	11.740122	21.150398
35.5	9.050619	2.689641	11.740260	21.111041
35.6	9.496839	2.244024	11.740863	21.082992
35.7	5.054252	6.686853	11.741105	21.065105
35.8	1.865183	9.875460	11.740643	21.060386
35.9	4.469308	7.270793	11.740101	21.074055
36	9.476485	2.263746	11.740231	21.110494
36.1	10.007809	1.733073	11.740882	21.170304
36.2	5.057406	6.683777	11.741182	21.248571
36.3	1.067953	10.672758	11.740711	21.334978
36.4	3.395850	8.344231	11.740081	21.415762
36.5	9.072179	2.667949	11.740128	21.476956
36.6	10.680688	1.060101	11.740789	21.507965
36.7	6.236431	5.504751	11.741182	21.504527
36.8	1.800035	9.940754	11.740790	21.470270
36.9	3.300610	8.439542	11.740152	21.416490
37	8.581343	3.158790	11.740133	21.360196
37.1	10.378535	1.362221	11.740756	21.320785
37.2	6.185468	5.555704	11.741172	21.316013
37.3	1.672578	10.068231	11.740809	21.358025
37.4	3.053796	8.686350	11.740146	21.450236
37.5	8.697916	3.042152	11.740068	21.585781
37.6	11.266268	0.474414	11.740682	21.748031
37.7	7.468964	4.272215	11.741179	21.913353
37.8	2.357394	9.383522	11.740915	22.055779
37.9	2.522751	9.217511	11.740262	22.152795
38	7.435635	4.304450	11.740085	22.190966
38.1	10.431654	1.308935	11.740589	22.169953
38.2	7.735297	4.005776	11.741073	22.103668
38.3	3.287436	8.453463	11.740899	22.017872
38.4	3.133779	8.606554	11.740333	21.944496
38.5	7.262031	4.478124	11.740154	21.913892
38.6	9.889039	1.851550	11.740589	21.947014
38.7	7.475361	4.265666	11.741027	22.049734
38.8	3.406420	8.334459	11.740879	22.211060
38.9	3.176013	8.564352	11.740365	22.405958
39	6.922868	4.817319	11.740187	22.602129
39.1	9.472571	2.267996	11.740567	22.768798
39.2	7.513612	4.227356	11.740968	22.884885
39.3	3.921260	7.819596	11.740856	22.944027
39.4	3.528495	8.211925	11.740420	22.954885
39.5	6.490377	5.249897	11.740274	22.936675
39.6	8.387470	3.353127	11.740597	22.911491
39.7	6.599607	5.141298	11.740906	22.896065
39.8	3.880798	7.859960	11.740758	22.895860
39.9	4.274756	7.465616	11.740372	22.903599
40	7.316423	4.423881	11.740304	22.902783
40.1	8.705649	3.035009	11.740658	22.874965
40.2	6.405838	5.335103	11.740941	22.808134
40.3	3.524833	8.215926	11.740759	22.703082
40.4	3.962290	7.778078	11.740368	22.575226
40.5	7.000789	4.739518	11.740307	22.450941
40.6	8.423266	3.317376	11.740642	22.359422
40.7	6.483500	5.257385	11.740885	22.322751
40.8	4.251797	7.488898	11.740695	22.347651
40.9	5.074550	6.665815	11.740365	22.421947
41	7.695525	4.044866	11.740391	22.517209
41.1	8.070691	3.670061	11.740752	22.596950
41.2	5.334351	6.406570	11.740920	22.627791
41.3	3.314584	8.426036	11.740620	22.589877
41.4	5.194152	6.546095	11.740246	22.483055
41.5	8.766338	2.973996	11.740334	22.326691
41.6	9.208549	2.532243	11.740793	22.153198
41.7	5.792851	5.948149	11.741000	21.997498
41.8	3.132972	8.607686	11.740659	21.886038
41.9	4.920293	6.819939	11.740231	21.829090
42	8.686324	3.053997	11.740321	21.818867
42.1	9.052511	2.688310	11.740822	21.833883
42.2	5.247008	6.494030	11.741038	21.847760
42.3	2.455921	9.284718	11.740639	21.839126
42.4	4.805292	6.934854	11.740146	21.798917
42.5	9.446132	2.294116	11.740248	21.732456
42.6	10.100576	1.640269	11.740845	21.655691
42.7	5.582179	6.158967	11.741146	21.587196
42.8	1.690748	10.049983	11.740731	21.539228
42.9	3.592116	8.148021	11.740137	21.511481
43	8.801174	2.938983	11.740157	21.490230
43.1	10.373257	1.367513	11.740770	21.453463
43.2	6.201417	5.539738	11.741155	21.380292
43.3	1.897489	9.843304	11.740793	21.261107
43.4	3.247744	8.492430	11.740174	21.104477
43.5	8.364791	3.375349	11.740140	20.937767
43.6	10.205746	1.534997	11.740743	20.800626
43.7	6.143266	5.597898	11.741163	20.733110
43.8	1.631203	10.109615	11.740818	20.762295
43.9	2.894373	8.845785	11.740158	20.892004
44	8.449028	3.291046	11.740073	21.099438
44.1	10.961555	0.779134	11.740690	21.340281
44.2	7.047021	4.694172	11.741193	21.560955
44.3	1.844030	9.896885	11.740915	21.714249
44.4	2.179595	9.560634	11.740229	21.773257
44.5	7.488892	4.251155	11.740047	21.739044
44.6	10.662937	1.077660	11.740597	21.639510
44.7	7.616370	4.124758	11.741128	21.519834
44.8	2.676983	9.063945	11.740928	21.427713
44.9	2.626269	9.114012	11.740281	21.398321
45	7.531232	4.208836	11.740068	21.443953
45.1	10.721855	1.018724	11.740579	21.551676
45.2	7.835999	3.905125	11.741124	21.689509
45.3	2.681514	9.059459	11.740974	21.818772
45.4	2.099775	9.640554	11.740328	21.908156
45.5	6.855087	4.884955	11.740041	21.944600
45.6	10.748685	0.991789	11.740474	21.937256
45.7	8.928466	2.812570	11.741036	21.913344
45.8	4.124841	7.616160	11.741001	21.907527
45.9	2.669291	9.071171	11.740463	21.948712
46	6.013265	5.726901	11.740166	22.048991
46.1	9.189689	2.550793	11.740483	22.198661
46.2	7.884935	3.856002	11.740937	22.369034
46.3	4.201834	7.539062	11.740896	22.522039
46.4	3.429278	8.311160	11.740438	22.623239
46.5	6.629122	5.111088	11.740210	22.653762
46.6	9.313297	2.427228	11.740525	22.617025
46.7	7.777519	3.963421	11.740940	22.538026
46.8	4.149719	7.591171	11.740890	22.455462
46.9	3.293646	8.446818	11.740464	22.409394
47	6.099560	5.640696	11.740255	22.428582
47.1	8.480239	3.260292	11.740531	22.521590
47.2	7.219094	4.521786	11.740881	22.674410
47.3	4.343970	7.396842	11.740812	22.855100
47.4	4.035039	7.705404	11.740443	23.023613
47.5	6.642991	5.097321	11.740312	23.143454
47.6	8.295108	3.445498	11.740606	23.191403
47.7	6.518577	5.222323	11.740900	23.162450
47.8	3.812646	7.928118	11.740764	23.068889
47.9	4.096049	7.644336	11.740384	22.934495
48	7.097879	4.642418	11.740297	22.786227
48.1	8.680532	3.060098	11.740629	22.646470
48.2	6.671560	5.069356	11.740916	22.528255
48.3	3.945586	7.795168	11.740754	22.434591
48.4	4.351986	7.388392	11.740378	22.361434
48.5	7.233743	4.506586	11.740329	22.302530
48.6	8.358313	3.382367	11.740680	22.253893
48.7	6.023412	5.717508	11.740920	22.216076
48.8	3.643053	8.097629	11.740682	22.193433
48.9	4.949780	6.790505	11.740285	22.190921
49	8.473412	3.266896	11.740307	22.209965
49.1	9.283494	2.457267	11.740761	22.245315
49.2	5.891753	5.849279	11.741032	22.284396
49.3	2.683860	9.056861	11.740721	22.309666
49.4	4.127698	7.612525	11.740223	22.303335
49.5	8.504691	3.235525	11.740216	22.252855
49.6	9.979590	1.761140	11.740730	22.155255
49.7	6.509002	5.232071	11.741073	22.018777
49.8	2.796998	8.943770	11.740769	21.861191
49.9	3.984270	7.755954	11.740224	21.705246
50	8.507561	3.232635	11.740195	21.572714
50.1	10.032861	1.707888	11.740748	21.478826
50.2	6.114132	5.627006	11.741137	21.428763
50.3	1.810487	9.930320	11.740807	21.417103
50.4	3.052746	8.687423	11.740169	21.430170
50.5	8.519467	3.220608	11.740075	21.450381
50.6	11.122616	0.618057	11.740672	21.461155
50.7	7.375353	4.365830	11.741183	21.450963
50.8	2.123063	9.617873	11.740935	21.415518
50.9	2.158194	9.582069	11.740263	21.357790
51	7.191088	4.548976	11.740065	21.286180
51.1	10.310870	1.429723	11.740593	21.211678
51.2	7.333630	4.407491	11.741121	21.144930
51.3	2.426984	9.313944	11.740927	21.094004
51.4	2.407710	9.332564	11.740274	21.063271
51.5	7.433750	4.306304	11.740054	21.053449
51.6	10.719915	1.020663	11.740578	21.062530
51.7	7.707995	4.033153	11.741148	21.087188
51.8	2.301911	9.439082	11.740993	21.124232
51.9	1.703747	10.036563	11.740310	21.171728
52	6.769585	4.970421	11.740006	21.229556
52.1	10.853974	0.886506	11.740480	21.299242
52.2	8.675792	3.065304	11.741096	21.383045
52.3	3.287270	8.453772	11.741042	21.482449
52.4	1.871061	9.869348	11.740409	21.596382
52.5	6.138509	5.601544	11.740053	21.719685
52.6	10.220827	1.519609	11.740436	21.842464
52.7	8.697910	3.043114	11.741024	21.950850
52.8	3.814366	7.926657	11.741022	22.029431
52.9	2.269039	9.471408	11.740447	22.065063
53	6.135761	5.604321	11.740082	22.051226
53.1	10.203044	1.537365	11.740409	21.991632
53.2	9.105987	2.634991	11.740978	21.901714
53.3	4.442713	7.298320	11.741034	21.807015
53.4	2.401307	9.339221	11.740528	21.738293
53.5	5.414986	6.325167	11.740154	21.724241
53.6	9.188000	2.552387	11.740388	21.783639
53.7	8.782125	2.958749	11.740873	21.919255
53.8	5.177313	6.563634	11.740947	22.115580
53.9	3.509865	8.230682	11.740547	22.341510
54	5.835896	5.904363	11.740260	22.557670
54.1	8.528938	3.211541	11.740480	22.726548
54.2	7.624952	4.115924	11.740876	22.822572
54.3	4.398255	7.342625	11.740879	22.839088
54.4	3.440155	8.300330	11.740485	22.789987
54.5	6.147293	5.592953	11.740246	22.705313
54.6	8.805814	2.934678	11.740492	22.622107
54.7	7.826909	3.913966	11.740875	22.573255
54.8	4.682998	7.057871	11.740869	22.577870
54.9	3.692811	8.047697	11.740508	22.636218
55	5.935217	5.805096	11.740313	22.730770
55.1	7.903470	3.837081	11.740551	22.832929
55.2	6.671215	5.069644	11.740858	22.913041
55.3	4.118963	7.621811	11.740774	22.950256
55.4	4.185858	7.554550	11.740408	22.938859
55.5	7.090500	4.649790	11.740290	22.888944
55.6	8.835057	2.905556	11.740613	22.821366
55.7	6.830575	4.910363	11.740937	22.758901
55.8	3.702704	8.038100	11.740804	22.716951
55.9	3.755436	7.984951	11.740387	22.697270
56	6.931715	4.808550	11.740265	22.687124
56.1	8.809184	2.931427	11.740611	22.664261
56.2	6.791770	4.949165	11.740935	22.605974
56.3	3.837035	7.903734	11.740770	22.498905
56.4	4.332099	7.408241	11.740341	22.345920
56.5	7.775053	3.965214	11.740267	22.167321
56.6	9.254156	2.486529	11.740685	21.995675
56.7	6.344418	5.396605	11.741023	21.865824
56.8	2.836572	8.904208	11.740780	21.803457
56.9	3.765096	7.975154	11.740250	21.816211
57	8.307978	3.432180	11.740158	21.890487
57.1	10.502631	1.238034	11.740665	21.995209
57.2	7.222895	4.518216	11.741110	22.091330
57.3	2.651743	9.089142	11.740886	22.143861
57.4	2.870105	8.870170	11.740275	22.132331
57.5	7.626052	4.114047	11.740098	22.056134
57.6	10.508136	1.232467	11.740603	21.933043
57.7	7.546148	4.194965	11.741113	21.791637
57.8	2.685787	9.055143	11.740930	21.660510
57.9	2.562926	9.177362	11.740289	21.558282
58	7.474586	4.265472	11.740058	21.488029
58.1	10.806304	0.934264	11.740567	21.438090
58.2	7.886519	3.854627	11.741146	21.388772
58.3	2.399156	9.341855	11.741011	21.322265
58.4	1.590712	10.149616	11.740329	21.231803
58.5	6.582961	5.157040	11.740001	21.126377
58.6	10.812691	0.927770	11.740461	21.028928
58.7	8.763189	2.977905	11.741094	20.968425
58.8	3.288292	8.452767	11.741059	20.968595
58.9	1.701649	10.038772	11.740421	21.037499
59	5.935530	5.804519	11.740049	21.162032
59.1	10.039201	1.701241	11.740442	21.309799
59.2	8.332533	3.408522	11.741055	21.438225
59.3	3.136717	8.604328	11.741045	21.508115
59.4	1.625562	10.114851	11.740413	21.497127
59.5	6.082705	5.657302	11.740008	21.408454
59.6	10.744357	0.996022	11.740379	21.271469
59.7	9.480174	2.260867	11.741041	21.133764
59.8	3.960467	7.780656	11.741123	21.046923
59.9	1.381752	10.358780	11.740532	21.050559
60	4.910863	6.829195	11.740058	21.159810
60.1	9.671285	2.069026	11.740311	21.360397
60.2	9.453105	2.287814	11.740919	21.612861
60.3	4.932832	6.808229	11.741062	21.864574
60.4	2.446631	9.293941	11.740573	22.065563
60.5	5.291946	6.448192	11.740138	22.183010
60.6	9.436833	2.303511	11.740344	22.209830
60.7	9.213735	2.527159	11.740893	22.164798
60.8	5.005721	6.735316	11.741037	22.084575
60.9	2.540259	9.200336	11.740594	22.010631
61	5.040898	6.699277	11.740175	21.975658
61.1	9.030346	2.709984	11.740331	21.994006
61.2	9.255998	2.484826	11.740824	22.059115
61.3	5.732674	6.008311	11.740985	22.148375
61.4	3.368171	8.372461	11.740632	22.233287
61.5	5.078408	6.661874	11.740283	22.291043
61.6	8.042589	3.697820	11.740409	22.313342
61.7	7.991538	3.749258	11.740796	22.309378
61.8	5.209806	6.531072	11.740879	22.302138
61.9	3.877372	7.863178	11.740550	22.319511
62	5.959415	5.780879	11.740294	22.383507
62.1	8.417825	3.322661	11.740486	22.501463
62.2	7.610959	4.129898	11.740856	22.662296
62.3	4.532894	7.207982	11.740876	22.839056
62.4	3.440954	8.299559	11.740513	22.996822
62.5	5.840967	5.899307	11.740274	23.103208
62.6	8.361961	3.378530	11.740491	23.137957
62.7	7.522495	4.218356	11.740852	23.098560
62.8	4.630322	7.110523	11.740845	23.000258
62.9	3.870500	7.869987	11.740487	22.870761
63	6.297837	5.442462	11.740299	22.741661
63.1	8.297986	3.442576	11.740562	22.639462
63.2	6.781832	4.959070	11.740902	22.579036
63.3	3.758985	7.981830	11.740816	22.561265
63.4	3.657763	8.082631	11.740394	22.575075
63.5	6.996818	4.743406	11.740224	22.602665
63.6	9.381093	2.359472	11.740565	22.625768
63.7	7.499346	4.241618	11.740964	22.630803
63.8	3.858818	7.882049	11.740867	22.611393
63.9	3.469626	8.270775	11.740400	22.567937
64	6.869814	4.870401	11.740214	22.504994
64.1	9.237509	2.503072	11.740582	22.427961
64.2	7.079638	4.661356	11.740994	22.340560
64.3	3.309313	8.431540	11.740853	22.244128
64.4	3.423335	8.316982	11.740317	22.138780
64.5	7.767347	3.972778	11.740125	22.025710
64.6	10.643016	1.097566	11.740582	21.909382
64.7	7.899778	3.841326	11.741104	21.798424
64.8	2.832946	8.908035	11.740980	21.704587
64.9	2.088638	9.651709	11.740347	21.639911
65	6.769842	4.970194	11.740036	21.612989
65.1	10.760917	0.979552	11.740469	21.625613
65.2	8.792243	2.948830	11.741074	21.671033
65.3	3.527730	8.213311	11.741042	21.734506
65.4	2.038479	9.701939	11.740418	21.796134
65.5	6.279299	5.460749	11.740048	21.835203
65.6	10.409458	1.330981	11.740439	21.834870
65.7	8.675003	3.066064	11.741066	21.785931
65.8	3.263906	8.477169	11.741075	21.688766
65.9	1.457446	10.282991	11.740437	21.553094
66	5.817034	5.922968	11.740002	21.395775
66.1	10.631697	1.108663	11.740360	21.237304
66.2	9.494007	2.247033	11.741040	21.097884
66.3	3.870089	7.871052	11.741142	20.993890
66.4	1.146683	10.593853	11.740536	20.935328
66.5	4.781926	6.958109	11.740034	20.924635
66.6	9.781533	1.958763	11.740295	20.956872
66.7	9.498566	2.242384	11.740950	21.021195
66.8	4.519587	7.221525	11.741112	21.103307
66.9	1.709444	10.031132	11.740576	21.188469
67	4.851876	6.888204	11.740080	21.264526
67.1	9.594955	2.145343	11.740298	21.324330
67.2	9.442471	2.298458	11.740929	21.366957
67.3	4.571783	7.169334	11.741117	21.397350
67.4	1.564303	10.176302	11.740605	21.424328
67.5	4.521574	7.218504	11.740078	21.457442
67.6	9.602862	2.137371	11.740233	21.503531
67.7	10.231914	1.508939	11.740852	21.564104
67.8	5.812154	5.928962	11.741116	21.634525
67.9	2.284803	9.455902	11.740704	21.705472
68	4.061892	7.678304	11.740196	21.766392
68.1	8.352930	3.387331	11.740261	21.809896
68.2	9.296552	2.444217	11.740769	21.835518
68.3	5.933760	5.807247	11.741007	21.851309
68.4	3.190658	8.550009	11.740667	21.872289
68.5	4.897454	6.842786	11.740240	21.915867
68.6	8.627146	3.113169	11.740315	21.995466
68.7	9.249164	2.491611	11.740775	22.114456
68.8	6.000089	5.740898	11.740987	22.262666
68.9	3.326311	8.414371	11.740681	22.417149
69	4.635513	7.104787	11.740300	22.547548
69.1	7.784270	3.956088	11.740357	22.624816
69.2	8.361629	3.379107	11.740736	22.630750
69.3	5.871155	5.869731	11.740886	22.565207
69.4	4.140332	7.600279	11.740611	22.448356
69.5	5.656166	6.084167	11.740333	22.316748
69.6	8.029180	3.711286	11.740466	22.213953
69.7	7.554097	4.186724	11.740821	22.178359
69.8	4.665702	7.075174	11.740877	22.231827
69.9	3.429888	8.310645	11.740533	22.372808
70	5.747712	5.992553	11.740264	22.576239
70.1	8.528507	3.211948	11.740455	22.800415
70.2	7.940209	3.800638	11.740847	22.998780
70.3	4.802866	6.938029	11.740895	23.132963
70.4	3.475864	8.264671	11.740536	23.182975
70.5	5.728562	6.011717	11.740279	23.151393
70.6	8.235065	3.505427	11.740492	23.060412
70.7	7.309396	4.431472	11.740868	22.942974
70.8	4.237626	7.503230	11.740857	22.831191
70.9	3.564075	8.176377	11.740452	22.746068
71	6.578635	5.161589	11.740225	22.691991
71.1	9.217173	2.523351	11.740524	22.657652
71.2	7.610740	4.130220	11.740960	22.622766
71.3	3.693091	8.047827	11.740919	22.567839
71.4	2.838175	8.902250	11.740424	22.483187
71.5	6.466620	5.273522	11.740143	22.373762
71.6	9.833170	1.907304	11.740474	22.257914
71.7	8.358814	3.382169	11.740983	22.160525
71.8	4.001257	7.739715	11.740971	22.103093
71.9	2.756094	8.984348	11.740442	22.094550
72	6.438898	5.301222	11.740120	22.126391
72.1	10.001761	1.738706	11.740468	22.174168
72.2	8.336216	3.404811	11.741027	22.205091
72.3	3.446981	8.294039	11.741020	22.189169
72.4	2.022122	9.718297	11.740419	22.109981
72.5	6.374003	5.366014	11.740017	21.971148
72.6	11.006040	0.734336	11.740377	21.796059
72.7	9.746472	1.994575	11.741047	21.620755
72.8	4.060830	7.680318	11.741148	21.482327
72.9	1.278895	10.461646	11.740541	21.406817
73	4.912721	6.827309	11.740029	21.400825
73.1	9.989702	1.750585	11.740287	21.449750
73.2	9.719014	2.021944	11.740957	21.523248
73.3	4.580608	7.160525	11.741133	21.585934
73.4	1.616931	10.123649	11.740581	21.609485
73.5	4.885186	6.854866	11.740052	21.581854
73.6	9.954446	1.785824	11.740269	21.510340
73.7	9.880124	1.860823	11.740947	21.417536
73.8	4.595716	7.145458	11.741175	21.331771
73.9	1.052092	10.688551	11.740643	21.275688
74	3.920615	7.819442	11.740058	21.257272
74.1	9.374229	2.365961	11.740191	21.266770
74.2	10.257477	1.483374	11.740851	21.280754
74.3	5.614507	6.126647	11.741154	21.271924
74.4	1.791519	9.949195	11.740713	21.221056
74.5	3.798118	7.942025	11.740143	21.126595
74.6	8.674770	3.065443	11.740212	21.008104
74.7	9.698592	2.042217	11.740808	20.901928
74.8	5.541842	6.199268	11.741110	20.850177
74.9	1.965581	9.775127	11.740709	20.886603
75	3.918709	7.821442	11.740151	21.024194
75.1	8.859705	2.880483	11.740188	21.248852
75.2	10.255905	1.484861	11.740766	21.521605
75.3	6.359872	5.381239	11.741111	21.788914
75.4	2.406528	9.334253	11.740781	21.997939
75.5	3.490508	8.249728	11.740236	22.111898
75.6	7.904491	3.835704	11.740196	22.120618
75.7	9.752399	1.988276	11.740675	22.042935
75.8	6.936809	4.804197	11.741006	21.920286
75.9	3.634355	8.106413	11.740768	21.803681
76	4.274785	7.465545	11.740329	21.738348
76.1	7.587774	4.152529	11.740303	21.750931
76.2	8.740835	2.999861	11.740696	21.843138
76.3	6.210647	5.530289	11.740936	21.993463
76.4	3.737211	8.003477	11.740688	22.165929
76.5	4.889156	6.851156	11.740313	22.322571
76.6	8.058587	3.681753	11.740340	22.435360
76.7	8.828609	2.912116	11.740725	22.493750
76.8	6.192002	5.548927	11.740929	22.505729
76.9	3.840574	7.900106	11.740681	22.492603
77	4.865586	6.874764	11.740350	22.479828
77.1	7.476146	4.264260	11.740406	22.487380
77.2	7.737282	4.003467	11.740749	22.523061
77.3	5.297279	6.443587	11.740865	22.580869
77.4	3.874680	7.865893	11.740573	22.644611
77.5	5.807513	5.932779	11.740292	22.695110
77.6	8.500623	3.239825	11.740448	22.718144
77.7	7.983430	3.757419	11.740848	22.710198
77.8	4.646055	7.094877	11.740932	22.680002
77.9	2.941079	8.799483	11.740562	22.645486
78	5.244818	6.495420	11.740238	22.627367
78.1	8.434509	3.305901	11.740410	22.641727
78.2	8.137074	3.603766	11.740840	22.694193
78.3	4.850281	6.890644	11.740924	22.777619
78.4	3.312785	8.427753	11.740538	22.873901
78.5	5.832320	5.907907	11.740227	22.959146
78.6	8.884003	2.856448	11.740452	23.010354
78.7	7.947770	3.793147	11.740918	23.011440
78.8	4.009882	7.731082	11.740964	22.956827
78.9	2.516513	9.223974	11.740487	22.851813
79	5.887078	5.853043	11.740122	22.710020
79.1	9.873769	1.866617	11.740387	22.549129
79.2	9.105024	2.635927	11.740951	22.386452
79.3	4.486030	7.255023	11.741053	22.235680
79.4	2.212517	9.528024	11.740540	22.105497
79.5	5.427214	6.312887	11.740101	21.999970
79.6	9.805962	1.934380	11.740342	21.919995
79.7	9.307865	2.433083	11.740948	21.864849
79.8	4.471868	7.269223	11.741091	21.833107
79.9	1.888348	9.852205	11.740553	21.822591
80	5.298959	6.441092	11.740050	21.829621
80.1	10.317546	1.422733	11.740279	21.848162
80.2	10.137492	1.603467	11.740958	21.869551
80.3	4.740966	7.000219	11.741185	21.883231
80.4	1.148824	10.591816	11.740641	21.878504
80.5	4.155103	7.584931	11.740034	21.846871
80.6	9.878773	1.861394	11.740167	21.784253
80.7	10.844562	0.896302	11.740863	21.692410
80.8	5.872621	5.868582	11.741203	21.579076
80.9	1.567359	10.173392	11.740751	21.456752
81	3.453829	8.286300	11.740128	21.340427
81.1	8.683783	3.056385	11.740167	21.244776
81.2	10.042526	1.698270	11.740797	21.181429
81.3	5.737530	6.003619	11.741149	21.156815
81.4	1.739595	10.001148	11.740743	21.170912
81.5	3.606689	8.133443	11.740131	21.217054
81.6	8.922032	2.818113	11.740146	21.282825
81.7	10.549798	1.190975	11.740774	21.351959
81.8	6.244706	5.496473	11.741179	21.407098
81.9	1.642382	10.098446	11.740827	21.433095
82	2.692724	9.047472	11.740195	21.420362
82.1	7.802494	3.937623	11.740117	21.367571
82.2	10.164060	1.576608	11.740668	21.282947
82.3	6.918975	4.822116	11.741091	21.183527
82.4	2.762578	8.978253	11.740831	21.092167
82.5	3.363871	8.376399	11.740270	21.032686
82.6	7.732366	4.007811	11.740177	21.024206
82.7	9.792523	1.948144	11.740667	21.076151
82.8	6.751392	4.989669	11.741061	21.185445
82.9	2.792416	8.948412	11.740828	21.336965
83	3.271024	8.469267	11.740291	21.507369
83.1	7.512474	4.227697	11.740171	21.671407
83.2	9.917511	1.823095	11.740606	21.808855
83.3	7.576044	4.164952	11.740996	21.909927
83.4	3.932283	7.808558	11.740840	21.977317
83.5	3.805152	7.935241	11.740393	22.024094
83.6	6.907010	4.833268	11.740278	22.068041
83.7	8.659538	3.081080	11.740618	22.124310
83.8	6.760507	4.980397	11.740904	22.198998
83.9	4.201229	7.539506	11.740735	22.286036
84	4.767131	6.973239	11.740370	22.368757
84.1	7.626391	4.113950	11.740341	22.425886
84.2	8.627726	3.112963	11.740689	22.440013
84.3	6.286872	5.454044	11.740916	22.405592
84.4	3.889065	7.851635	11.740699	22.333425
84.5	4.780827	6.959523	11.740350	22.249611
84.6	7.610734	4.129631	11.740366	22.188818
84.7	8.290803	3.449916	11.740719	22.183713
84.8	5.856381	5.884519	11.740900	22.253913
84.9	3.845723	7.894923	11.740646	22.398225
85	5.196036	6.544289	11.740324	22.593065
85.1	7.935577	3.804834	11.740411	22.797989
85.2	7.922819	3.817980	11.740799	22.966935
85.3	4.865100	6.875830	11.740931	23.061762
85.4	3.001163	8.739423	11.740586	23.063779
85.5	5.217929	6.522296	11.740225	22.979500
85.6	8.771212	2.969149	11.740361	22.838643
85.7	8.830439	2.910395	11.740834	22.684974
85.8	5.170260	6.570744	11.741004	22.562897
85.9	2.671682	9.068949	11.740631	22.504150
86	4.690750	7.049473	11.740222	22.518862
86.1	8.371164	3.369180	11.740345	22.593751
86.2	8.537270	3.203559	11.740829	22.697818
86.3	4.944144	6.796846	11.740990	22.793323
86.4	2.771641	8.968938	11.740579	22.848184
86.5	5.428947	6.311210	11.740157	22.845517
86.6	9.546723	2.193612	11.740335	22.787235
86.7	9.346341	2.394570	11.740911	22.690802
86.8	4.681507	7.059598	11.741106	22.580739
86.9	1.634900	10.105721	11.740622	22.478302
87	4.462051	7.278031	11.740082	22.393311
87.1	9.659885	2.080328	11.740213	22.321210
87.2	10.427170	1.313685	11.740856	22.246368
87.3	5.767709	5.973448	11.741157	22.150231
87.4	1.941306	9.799405	11.740710	22.021053
87.5	4.102243	7.637874	11.740117	21.861279
87.6	9.301894	2.438290	11.740184	21.689485
87.7	10.395375	1.345456	11.740832	21.535796
87.8	5.719849	6.021336	11.741185	21.432171
87.9	1.478751	10.262001	11.740752	21.400950
88	3.477182	8.262916	11.740098	21.445842
88.1	9.250903	2.489193	11.740096	21.548815
88.2	11.231986	0.508774	11.740760	21.674302
88.3	6.797135	4.944081	11.741216	21.779578
88.4	1.754599	9.986269	11.740868	21.827885
88.5	2.605048	9.135143	11.740191	21.799874
88.6	7.959094	3.780987	11.740082	21.699411
88.7	10.555763	1.184903	11.740666	21.551737
88.8	7.039280	4.701864	11.741143	21.394620
88.9	2.316866	9.424013	11.740878	21.265597
89	2.776129	8.964117	11.740246	21.189728
89.1	7.664825	4.075285	11.740109	21.172118
89.2	10.241644	1.499002	11.740646	21.197707
89.3	6.977579	4.763544	11.741122	21.238258
89.4	2.288619	9.452275	11.740894	21.263873
89.5	2.500944	9.239327	11.740271	21.254815
89.6	7.335534	4.404555	11.740089	21.209273
89.7	10.380617	1.359962	11.740580	21.144242
89.8	7.735451	4.005628	11.741079	21.089179
89.9	3.086104	8.654830	11.740934	21.074710
90	2.553468	9.186900	11.740368	21.120513
90.1	6.518385	5.221765	11.740149	21.226834
90.2	9.427286	2.313257	11.740544	21.372846
90.3	7.508641	4.232343	11.740983	21.522661
90.4	3.732383	8.008486	11.740869	21.637083
90.5	3.466297	8.274082	11.740380	21.687133
90.6	7.072176	4.668023	11.740199	21.664671
90.7	9.577717	2.162851	11.740568	21.586378
90.8	7.602832	4.138143	11.740975	21.489571
90.9	3.884085	7.856789	11.740874	21.421092
91	3.364327	8.376097	11.740424	21.422819
91.1	6.489137	5.251102	11.740239	21.518480
91.2	8.899098	2.841441	11.740539	21.705991
91.3	7.600747	4.140130	11.740877	21.957715
91.4	4.869856	6.870937	11.740793	22.228411
91.5	4.680497	7.059951	11.740448	22.468229
91.6	7.015919	4.724443	11.740361	22.636575
91.7	8.128627	3.612028	11.740655	22.712589
91.8	6.155831	5.585055	11.740886	22.699257
91.9	3.908151	7.832547	11.740698	22.620366
92	4.811852	6.928491	11.740343	22.511787
92.1	7.846702	3.893632	11.740334	22.410277
92.2	8.817067	2.923636	11.740703	22.343440
92.3	6.273870	5.467070	11.740940	22.323821
92.4	3.675770	8.064941	11.740711	22.348448
92.5	4.586953	7.153383	11.740336	22.403218
92.6	7.609813	4.130536	11.740349	22.470019
92.7	8.296273	3.444465	11.740739	22.533796
92.8	5.488743	6.252204	11.740947	22.587122
92.9	3.128939	8.611717	11.740656	22.631029
93	4.773133	6.967123	11.740256	22.672283
93.1	8.395965	3.344355	11.740320	22.718602
93.2	8.952851	2.787940	11.740791	22.773889
93.3	5.411448	6.329580	11.741028	22.835369
93.4	2.458348	9.282336	11.740684	22.893641
93.5	4.209063	7.531148	11.740211	22.935506
93.6	8.430093	3.310165	11.740259	22.948398
93.7	9.405542	2.335234	11.740776	22.924746
93.8	5.764219	5.976838	11.741057	22.864712
93.9	2.508946	9.231760	11.740706	22.776406
94	4.223380	7.516817	11.740197	22.673637
94.1	8.648420	3.091821	11.740241	22.572048
94.2	9.610803	2.129997	11.740800	22.484981
94.3	5.545818	6.195291	11.741109	22.420330
94.4	1.925019	9.815696	11.740715	22.379209
94.5	3.959462	7.780663	11.740124	22.356562
94.6	9.321562	2.418580	11.740142	22.343241
94.7	10.960879	0.779900	11.740778	22.328694
94.8	6.524516	5.216685	11.741201	22.303429
94.9	1.712246	10.028595	11.740841	22.260660
95	2.823035	8.917133	11.740168	22.196980
95.1	8.346181	3.393891	11.740072	22.112249
95.2	10.935840	0.804837	11.740677	22.009066
95.3	7.226167	4.515000	11.741167	21.892172
95.4	2.326355	9.414529	11.740885	21.767945
95.5	2.916655	8.823560	11.740215	21.643955
95.6	8.217274	3.522794	11.740068	21.528428
95.7	11.009646	0.731006	11.740652	21.429483
95.8	7.363453	4.377734	11.741188	21.354134
95.9	1.980876	9.760077	11.740953	21.307239
96	1.957386	9.782867	11.740253	21.290649
96.1	7.331985	4.408026	11.740011	21.302815
96.2	11.073099	0.667436	11.740535	21.338935
96.3	8.433849	3.307274	11.741123	21.391587
96.4	3.108271	8.632738	11.741009	21.451599
96.5	2.086831	9.653549	11.740380	21.508943
96.6	6.326712	5.413381	11.740093	21.553525
96.7	9.760683	1.979830	11.740513	21.575931
96.8	7.708420	4.032621	11.741041	21.568337
96.9	3.141540	8.599410	11.740950	21.525749
97	2.443010	9.297362	11.740372	21.447569
97.1	6.648438	5.091662	11.740100	21.339138
97.2	10.100625	1.639877	11.740502	21.212623
97.3	8.177822	3.563212	11.741034	21.086523
97.4	3.487589	8.253397	11.740986	20.983289
97.5	2.234059	9.506380	11.740439	20.925102
97.6	5.885875	5.854256	11.740131	20.928580
97.7	9.429342	2.311109	11.740451	20.999794
97.8	8.300445	3.440494	11.740939	21.131243
97.9	4.388955	7.351985	11.740939	21.302134
98	3.135435	8.605050	11.740485	21.482454
98.1	6.040483	5.699736	11.740219	21.640142
98.2	8.887097	2.853393	11.740490	21.749539
98.3	7.792299	3.948598	11.740897	21.798641
98.4	4.493899	7.246974	11.740873	21.792776
98.5	3.699505	8.040963	11.740468	21.753295
98.6	6.476552	5.263704	11.740256	21.711355
98.7	8.927232	2.813289	11.740521	21.698521
98.8	7.758427	3.982453	11.740880	21.737043
98.9	4.781825	6.959012	11.740837	21.832954
99	4.155421	7.585058	11.740480	21.974319
99.1	6.489052	5.251276	11.740328	22.135326
99.2	8.182891	3.557694	11.740585	22.284965
99.3	6.763012	4.977845	11.740858	22.397410
99.4	4.459896	7.280838	11.740734	22.460574
99.5	4.894008	6.846381	11.740389	22.479823
99.6	7.669305	4.071033	11.740338	22.475486
99.7	8.744842	2.995846	11.740688	22.474911
99.8	6.222398	5.518559	11.740957	22.501837
99.9	3.313299	8.427449	11.740748	22.566841
100	4.040549	7.699776	11.740325	22.662399
100.1	7.538629	4.201642	11.740271	22.764553
100.2	9.056822	2.683848	11.740670	22.840874
100.3	6.504597	5.236376	11.740974	22.862134
100.4	3.448972	8.291784	11.740755	22.813682
100.5	4.200824	7.539493	11.740317	22.702428
100.6	7.702042	4.038243	11.740285	22.556749
100.7	8.854379	2.886348	11.740727	22.418979
100.8	5.682436	6.058593	11.741029	22.332710
100.9	2.381551	9.359189	11.740740	22.329011
101	3.720120	8.020101	11.740221	22.416126
101.1	8.298716	3.441467	11.740182	22.576141
101.2	10.116181	1.624526	11.740706	22.769830
101.3	6.644745	5.096357	11.741102	22.948147
101.4	2.445176	9.295654	11.740831	23.066617
101.5	3.141097	8.599154	11.740251	23.097944
101.6	7.761100	3.979051	11.740151	23.038812
101.7	9.961116	1.779556	11.740672	22.908884
101.8	6.669783	5.071317	11.741101	22.742686
101.9	2.414010	9.326824	11.740834	22.577420
102	3.238886	8.501332	11.740218	22.441072
102.1	8.337871	3.402227	11.740097	22.344821
102.2	10.889604	0.851062	11.740666	22.282130
102.3	7.234829	4.506347	11.741176	22.234349
102.4	2.037467	9.703463	11.740930	22.180349
102.5	2.242072	9.498160	11.740232	22.106293
102.6	7.756498	3.983508	11.740006	22.011740
102.7	11.416271	0.324286	11.740557	21.909776
102.8	8.441996	3.299166	11.741162	21.821225
102.9	2.793489	8.947536	11.741025	21.765265
103	1.890339	9.849999	11.740338	21.750242
103.1	6.750044	4.989977	11.740021	21.768425
103.2	10.735088	1.005400	11.740487	21.797014
103.3	8.519229	3.221869	11.741097	21.805367
103.4	3.185628	8.555401	11.741030	21.766023
103.5	1.976451	9.763931	11.740382	21.665536
103.6	6.518860	5.221170	11.740030	21.511061
103.7	10.691686	1.048759	11.740446	21.330014
103.8	8.894151	2.846918	11.741069	21.162534
103.9	3.507092	8.233980	11.741073	21.049088
104	1.594640	10.145827	11.740467	21.017325
104.1	5.458027	6.282039	11.740066	21.072701
104.2	9.763251	1.977132	11.740384	21.196146
104.3	8.877761	2.863203	11.740964	21.349693
104.4	4.324577	7.416448	11.741024	21.488246
104.5	2.411279	9.329233	11.740513	21.573555
104.6	5.559575	6.180574	11.740149	21.585717
104.7	9.198254	2.542171	11.740425	21.528419
104.8	8.217051	3.523895	11.740946	21.426293
104.9	3.961771	7.779221	11.740992	21.315495
105	2.284929	9.455571	11.740499	21.230926
105.1	5.526527	6.213610	11.740137	21.194597
105.2	9.421622	2.318761	11.740383	21.209127
105.3	8.960132	2.780760	11.740893	21.258506
105.4	5.035097	6.705893	11.740990	21.315616
105.5	2.947891	8.792690	11.740582	21.353660
105.6	5.145014	6.595233	11.740248	21.357264
105.7	8.212956	3.527467	11.740422	21.329230
105.8	7.929216	3.811604	11.740819	21.290471
105.9	5.064627	6.676242	11.740869	21.273097
106	3.975008	7.765510	11.740519	21.309057
106.1	6.292841	5.447443	11.740284	21.418286
106.2	8.701241	3.039262	11.740503	21.600497
106.3	7.759134	3.981726	11.740861	21.833486
106.4	4.793541	6.947311	11.740852	22.078633
106.5	3.959297	7.781198	11.740495	22.291828
106.6	6.333053	5.407247	11.740299	22.436313
106.7	8.458928	3.281607	11.740535	22.493316
106.8	7.345964	4.394890	11.740854	22.467182
106.9	4.732917	7.007875	11.740793	22.383552
107	4.519840	7.220604	11.740444	22.281373
107.1	7.055865	4.684460	11.740325	22.201449
107.2	8.532472	3.208157	11.740630	22.175141
107.3	6.488165	5.252763	11.740928	22.216564
107.4	3.587808	8.152962	11.740769	22.320306
107.5	4.065303	7.675038	11.740341	22.464843
107.6	7.622183	4.118059	11.740242	22.620059
107.7	9.485035	2.255606	11.740641	22.756204
107.8	6.900080	4.840933	11.741013	22.851502
107.9	3.146603	8.594238	11.740840	22.896374
108	3.251467	8.488875	11.740342	22.893567
108.1	7.068457	4.671741	11.740198	22.854886
108.2	9.331085	2.409528	11.740613	22.796121
108.3	6.854904	4.886113	11.741017	22.732132
108.4	3.047170	8.693669	11.740840	22.673564
108.5	3.319125	8.421185	11.740309	22.625875
108.6	7.520407	4.219757	11.740164	22.590386
108.7	9.897090	1.843542	11.740632	22.566397
108.8	6.923954	4.817137	11.741091	22.553212
108.9	2.372759	9.368141	11.740899	22.551167
109	2.436669	9.303616	11.740285	22.561352
109.1	7.289163	4.450906	11.740068	22.584320
109.2	10.614691	1.125863	11.740554	22.618508
109.3	8.016143	3.724956	11.741099	22.659147
109.4	3.018429	8.722541	11.740970	22.698233
109.5	2.396676	9.343663	11.740339	22.725636
109.6	6.992605	4.747461	11.740066	22.731024
109.7	10.485621	1.254912	11.740533	22.706012
109.8	7.948597	3.792515	11.741112	22.645902
109.9	2.673905	9.067098	11.741003	22.550615
110	1.896848	9.843478	11.740326	22.424678
110.1	7.012919	4.727060	11.739979	22.276442
110.2	11.485526	0.254917	11.740442	22.116805
110.3	9.428372	2.312748	11.741120	21.957765
110.4	3.457858	8.283268	11.741126	21.810969
110.5	1.279633	10.460827	11.740460	21.686359
110.6	5.531107	6.208897	11.740004	21.590969
110.7	10.417309	1.323036	11.740345	21.527935
110.8	9.536541	2.204464	11.741005	21.495941
110.9	4.332938	7.408161	11.741099	21.489306
111	1.930597	9.809925	11.740523	21.498895
111.1	5.463114	6.276955	11.740070	21.513848
111.2	9.978202	1.762148	11.740350	21.523804
111.3	9.277450	2.463524	11.740974	21.521083
111.4	4.290923	7.450172	11.741095	21.502179
111.5	1.716598	10.023958	11.740556	21.468089
111.6	4.944937	6.795149	11.740086	21.423335
111.7	9.593466	2.146839	11.740306	21.374034
111.8	9.519340	2.221565	11.740905	21.325742
111.9	5.004209	6.736872	11.741081	21.281909
112	2.130222	9.610404	11.740626	21.243585
112.1	4.482226	7.257949	11.740175	21.210479
112.2	8.535869	3.204456	11.740324	21.182888
112.3	8.742363	2.998473	11.740836	21.163519
112.4	5.081384	6.659611	11.740995	21.158154
112.5	2.813508	8.927091	11.740599	21.174481
112.6	5.085713	6.654498	11.740211	21.219141
112.7	8.693840	3.046526	11.740366	21.293901
112.8	8.653668	3.087173	11.740842	21.392475
112.9	5.062218	6.678765	11.740983	21.499565
113	2.831453	8.909155	11.740608	21.593147
113.1	4.894441	6.845797	11.740238	21.649917
113.2	8.346732	3.393630	11.740362	21.652583
113.3	8.639825	3.100956	11.740781	21.596723
113.4	5.772873	5.968039	11.740912	21.494713
113.5	3.959054	7.781553	11.740607	21.374895
113.6	5.559330	6.180998	11.740328	21.275545
113.7	7.940812	3.799657	11.740469	21.234961
113.8	7.500753	4.240055	11.740807	21.280459
113.9	4.914966	6.825868	11.740834	21.419692
114	4.106380	7.634121	11.740501	21.637263
114.1	6.498619	5.241667	11.740286	21.898030
114.2	8.849584	2.890927	11.740511	22.156439
114.3	7.824567	3.916302	11.740869	22.369165
114.4	4.804366	6.936488	11.740854	22.507180
114.5	4.001870	7.738617	11.740487	22.563397
114.6	6.465448	5.274846	11.740294	22.553438
114.7	8.516966	3.223594	11.740560	22.509258
114.8	6.996106	4.744801	11.740907	22.467798
114.9	3.938663	7.802155	11.740818	22.458458
115	3.875228	7.865158	11.740386	22.493650
115.1	7.313871	4.426347	11.740218	22.565591
115.2	9.643368	2.097220	11.740587	22.650372
115.3	7.368706	4.372312	11.741018	22.717779
115.4	3.192268	8.548644	11.740912	22.743314
115.5	2.646333	9.094050	11.740383	22.718075
115.6	6.565971	5.174166	11.740137	22.652885
115.7	9.742050	1.998465	11.740515	22.575075
115.8	7.883602	3.857409	11.741011	22.518964
115.9	3.520786	8.220161	11.740948	22.513347
116	2.642953	9.097454	11.740407	22.570436
116.1	6.478981	5.261152	11.740133	22.680292
116.2	9.690081	2.050437	11.740518	22.812877
116.3	7.655985	4.085057	11.741041	22.927242
116.4	2.984272	8.756697	11.740969	22.984809
116.5	2.160425	9.579944	11.740369	22.962260
116.6	6.659615	5.080432	11.740047	22.859588
116.7	10.653431	1.087032	11.740463	22.700535
116.8	8.714914	3.026167	11.741081	22.525201
116.9	3.253594	8.487480	11.741074	22.377339
117	1.488257	10.252178	11.740436	22.290601
117.1	5.814319	5.925694	11.740013	22.278347
117.2	10.512556	1.227816	11.740371	22.330327
117.3	9.362946	2.378084	11.741030	22.417121
117.4	4.001671	7.739433	11.741103	22.500553
117.5	1.733304	10.007189	11.740493	22.546303
117.6	5.676960	6.063065	11.740025	22.534306
117.7	10.517912	1.222427	11.740339	22.463495
117.8	9.642426	2.098594	11.741019	22.349588
117.9	4.084627	7.656524	11.741152	22.217178
118	1.225214	10.515333	11.740548	22.089391
118.1	4.949930	6.790073	11.740004	21.979160
118.2	10.453731	1.286506	11.740237	21.885405
118.3	10.620561	1.120373	11.740934	21.795444
118.4	5.397400	6.343780	11.741180	21.692526
118.5	1.684807	10.055870	11.740677	21.565358
118.6	4.080311	7.659807	11.740118	21.415729
118.7	8.961317	2.778922	11.740239	21.260954
118.8	9.646976	2.093865	11.740841	21.129846
118.9	5.417757	6.323334	11.741092	21.053356
119	2.237951	9.502712	11.740662	21.053136
119.1	4.484464	7.255688	11.740152	21.132214
119.2	9.060140	2.680117	11.740257	21.271395
119.3	9.738733	2.002094	11.740828	21.433068
119.4	5.613108	6.127986	11.741093	21.571540
119.5	2.177728	9.562984	11.740712	21.646644
119.6	3.815855	7.924357	11.740213	21.636142
119.7	8.043667	3.696589	11.740256	21.542773
119.8	9.147749	2.592999	11.740748	21.393479
119.9	5.953069	5.787933	11.741002	21.231037
120	3.114226	8.626467	11.740693	21.100806
120.1	4.492247	7.248030	11.740277	21.036946
120.2	7.942013	3.798320	11.740333	21.052596
120.3	8.536845	3.203922	11.740767	21.137098
120.4	5.482624	6.258339	11.740963	21.260936
120.5	3.102853	8.637798	11.740651	21.386489
120.6	4.736017	7.004252	11.740269	21.480795
120.7	8.159954	3.580385	11.740339	21.525999
120.8	8.787969	2.952781	11.740750	21.524092
120.9	5.993546	5.747387	11.740933	21.494617
121	3.766385	7.974274	11.740659	21.466480
121.1	5.019400	6.720936	11.740336	21.466955
121.2	7.668728	4.071686	11.740414	21.511828
121.3	7.857591	3.883161	11.740753	21.600072
121.4	5.525745	6.215100	11.740844	21.714748
121.5	4.353660	7.386895	11.740555	21.829616
121.6	6.273407	5.466911	11.740318	21.918971
121.7	8.533488	3.207015	11.740502	21.967182
121.8	7.635316	4.105547	11.740862	21.974626
121.9	4.544502	7.196372	11.740874	21.958021
122	3.581457	8.159033	11.740490	21.945116
122.1	6.325881	5.414354	11.740235	21.965599
122.2	9.149533	2.590947	11.740481	22.041275
122.3	8.116449	3.624454	11.740904	22.178692
122.4	4.560629	7.180286	11.740915	22.366508
122.5	3.399438	8.341050	11.740488	22.578246
122.6	6.280409	5.459811	11.740219	22.779417
122.7	9.104145	2.636358	11.740503	22.936666
122.8	7.638544	4.102416	11.740961	23.026186
122.9	3.603114	8.137826	11.740940	23.039061
123	2.594668	9.145762	11.740429	22.982337
123.1	6.375771	5.364341	11.740111	22.875993
123.2	10.119016	1.621427	11.740443	22.747099
123.3	8.726836	3.014172	11.741007	22.623104
123.4	3.839100	7.901949	11.741049	22.526094
123.5	1.844801	9.895701	11.740503	22.469302
123.6	5.324557	6.415541	11.740098	22.456235
123.7	9.493668	2.246715	11.740383	22.482046
123.8	8.646301	3.094666	11.740967	22.536219
123.9	3.966215	7.774830	11.741045	22.605577
124	1.997116	9.743379	11.740495	22.676846
124.1	5.684122	6.055944	11.740066	22.738416
124.2	10.165916	1.574447	11.740363	22.781317
124.3	9.238980	2.502028	11.741008	22.799637
124.4	3.879284	7.861846	11.741130	22.790645
124.5	1.174060	10.566481	11.740542	22.754726
124.6	4.874652	6.865362	11.740014	22.695137
124.7	10.243882	1.496370	11.740252	22.617474
124.8	10.268759	1.472186	11.740945	22.528824
124.9	5.009852	6.731321	11.741173	22.436677
125	1.524217	10.216421	11.740638	22.347810
125.1	4.417919	7.322145	11.740064	22.267412
125.2	9.705393	2.034828	11.740221	22.198636
125.3	10.220001	1.520892	11.740893	22.142597
125.4	5.274140	6.467030	11.741170	22.098669
125.5	1.568664	10.172012	11.740677	22.064815
125.6	4.162563	7.577511	11.740074	22.037761
125.7	9.673770	2.066399	11.740169	22.012956
125.8	10.813107	0.927728	11.740835	21.984528
125.9	6.097870	5.643320	11.741190	21.945564
126	1.736448	10.004329	11.740777	21.889001
126.1	3.306572	8.433586	11.740158	21.809228
126.2	8.477076	3.263069	11.740145	21.704073
126.3	10.372035	1.368687	11.740722	21.576582
126.4	6.777288	4.963813	11.741101	21.435794
126.5	2.786969	8.953830	11.740799	21.295915
126.6	3.654788	8.085475	11.740263	21.173753
126.7	7.793477	3.946752	11.740229	21.084910
126.8	9.277375	2.463342	11.740717	21.039766
126.9	6.084791	5.656245	11.741036	21.040556
127	2.725884	9.014863	11.740747	21.080620
127.1	3.890586	7.849668	11.740254	21.146248
127.2	8.025786	3.714445	11.740231	21.220669
127.3	9.565838	2.174864	11.740702	21.288920
127.4	6.535268	5.205758	11.741026	21.341933
127.5	3.067396	8.673388	11.740784	21.378373
127.6	3.622544	8.117788	11.740332	21.403511
127.7	7.043798	4.696484	11.740283	21.425556
127.8	8.483296	3.257371	11.740667	21.450834
127.9	6.206530	5.534392	11.740922	21.479801
128	3.763544	7.977155	11.740699	21.505667
128.1	4.764434	6.975899	11.740333	21.516489
128.2	7.792632	3.947719	11.740350	21.500268
128.3	8.530019	3.210707	11.740726	21.451288
128.4	5.913690	5.827239	11.740928	21.375213
128.5	3.597283	8.143393	11.740676	21.290628
128.6	4.761451	6.978878	11.740329	21.225792
128.7	7.687207	4.053162	11.740370	21.211072
128.8	8.300108	3.440615	11.740723	21.269185
128.9	5.968673	5.772203	11.740875	21.406483
129	4.288153	7.452461	11.740614	21.608479
129.1	5.791262	5.949072	11.740333	21.841672
129.2	8.219604	3.520856	11.740460	22.061714
129.3	7.781809	3.959017	11.740826	22.225784
129.4	4.791357	6.949536	11.740892	22.305418
129.5	3.497490	8.243036	11.740526	22.295652
129.6	6.079124	5.661100	11.740224	22.217289
129.7	9.256200	2.484231	11.740431	22.111250
129.8	8.597376	3.143516	11.740892	22.026529
129.9	4.770320	6.970656	11.740977	22.005440
130	2.900087	8.840463	11.740550	22.070828
130.1	5.586693	6.153495	11.740188	22.219352
130.2	9.155137	2.585264	11.740401	22.423019
130.3	8.569190	3.171719	11.740909	22.638394
130.4	4.460055	7.280952	11.741007	22.820426
130.5	2.477147	9.263389	11.740536	22.936255
130.6	5.553404	6.186728	11.740132	22.974473
130.7	9.635035	2.105333	11.740368	22.946895
130.8	9.003854	2.737099	11.740953	22.882491
130.9	4.176921	7.564172	11.741093	22.815855
131	1.507223	10.233350	11.740572	22.774406
131.1	4.708502	7.031569	11.740071	22.768895
131.2	9.688212	2.052054	11.740265	22.790523
131.3	9.875935	1.864970	11.740906	22.815558
131.4	5.040449	6.700690	11.741139	22.815635
131.5	1.658909	10.081746	11.740654	22.769863
131.6	4.203300	7.536811	11.740111	22.674233
131.7	9.083642	2.656607	11.740249	22.544778
131.8	9.526445	2.214434	11.740880	22.413214
131.9	4.851693	6.889440	11.741133	22.316489
132	1.517472	10.223171	11.740643	22.283899
132.1	4.372662	7.367396	11.740058	22.326323
132.2	9.914017	1.826163	11.740181	22.431441
132.3	10.799503	0.941370	11.740873	22.566692
132.4	5.691966	6.049259	11.741225	22.689036
132.5	1.187715	10.553052	11.740767	22.758222
132.6	3.131086	8.609014	11.740100	22.749037
132.7	8.889442	2.850657	11.740099	22.658450
132.8	10.908934	0.831815	11.740748	22.505355
132.9	6.753176	4.987998	11.741175	22.323258
133	2.196005	9.544817	11.740822	22.148648
133.1	3.352782	8.387402	11.740184	22.009229
133.2	8.523180	3.216944	11.740124	21.916087
133.3	10.635687	1.105027	11.740713	21.862298
133.4	6.826439	4.914714	11.741153	21.828097
133.5	2.209674	9.531181	11.740855	21.790350
133.6	2.916961	8.823266	11.740227	21.732549
133.7	7.927332	3.812772	11.740104	21.651516
133.8	10.602266	1.138364	11.740630	21.558308
133.9	7.610449	4.130642	11.741091	21.473105
134	3.150430	8.590463	11.740892	21.416153
134.1	3.046750	8.693589	11.740340	21.398377
134.2	6.989319	4.750868	11.740187	21.415432
134.3	9.331681	2.408928	11.740609	21.447706
134.4	6.974195	4.766803	11.740998	21.466562
134.5	3.409784	8.331037	11.740822	21.444766
134.6	3.644414	8.095930	11.740344	21.367351
134.7	7.268420	4.471815	11.740235	21.238915
134.8	9.187631	2.553006	11.740637	21.084436
134.9	6.750008	4.990980	11.740989	20.942964
135	3.319082	8.421730	11.740812	20.855995
135.1	3.522134	8.218227	11.740361	20.854295
135.2	6.930714	4.809539	11.740254	20.947531
135.3	8.849340	2.891274	11.740614	21.120226
135.4	6.868520	4.872408	11.740928	21.335476
135.5	3.995417	7.745357	11.740774	21.545305
135.6	4.218829	7.521570	11.740399	21.704375
135.7	6.947076	4.793265	11.740341	21.782700
135.8	8.084820	3.655848	11.740668	21.773418
135.9	6.004993	5.735897	11.740891	21.693385
136	3.849716	7.890963	11.740679	21.576703
136.1	4.951997	6.788334	11.740331	21.463580
136.2	7.975508	3.764842	11.740350	21.388268
136.3	8.737003	3.003719	11.740723	21.369923
136.4	6.145849	5.595079	11.740929	21.409048
136.5	3.802427	7.938254	11.740681	21.490177
136.6	4.924882	6.815451	11.740333	21.589372
136.7	7.780052	3.960331	11.740383	21.683635
136.8	8.167868	3.572888	11.740756	21.758905
136.9	5.503031	6.237872	11.740903	21.814045
137	3.785119	7.955469	11.740588	21.859785
137.1	5.873866	5.866384	11.740250	21.913350
137.2	9.117285	2.623114	11.740399	21.990975
137.3	8.786939	2.953935	11.740874	22.101034
137.4	4.821974	6.919050	11.741023	22.240170
137.5	2.361968	9.378636	11.740604	22.393631
137.6	4.888556	6.851599	11.740155	22.539536
137.7	9.241786	2.498505	11.740291	22.655517
137.8	9.628191	2.112656	11.740848	22.725480
137.9	5.468666	6.272413	11.741079	22.744352
138	2.348193	9.392472	11.740665	22.719443
138.1	4.501550	7.238615	11.740165	22.668215
138.2	8.951097	2.789173	11.740270	22.613332
138.3	9.448828	2.292024	11.740852	22.576596
138.4	5.058634	6.682481	11.741115	22.573510
138.5	1.648381	10.092295	11.740677	22.609848
138.6	4.014540	7.725571	11.740110	22.680868
138.7	9.217291	2.522896	11.740187	22.773046
138.8	10.331365	1.409460	11.740825	22.867592
138.9	5.757959	5.983218	11.741176	22.944712
139	1.512361	10.228405	11.740766	22.987632
139.1	3.227894	8.512245	11.740139	22.985660
139.2	8.567160	3.172977	11.740136	22.935862
139.3	10.336396	1.404363	11.740759	22.843301
139.4	6.187051	5.554112	11.741163	22.719938
139.5	1.806904	9.933895	11.740798	22.582465
139.6	3.227669	8.512487	11.740156	22.449399
139.7	8.613270	3.126842	11.740112	22.337890
139.8	10.673952	1.066784	11.740736	22.260731
139.9	6.517768	5.223423	11.741192	22.224145
140	1.648912	10.091945	11.740857	22.226807
140.1	2.656767	9.083400	11.740167	22.260389
140.2	8.378389	3.361647	11.740036	22.311514
140.3	11.397797	0.342841	11.740638	22.364690
140.4	7.868466	3.872713	11.741179	22.405443
140.5	2.522637	9.218322	11.740959	22.422849
140.6	2.276288	9.464007	11.740294	22.410839
140.7	7.114223	4.625848	11.740071	22.368061
140.8	10.389850	1.350709	11.740559	22.296610
140.9	7.875386	3.865689	11.741074	22.200312
141	3.271234	8.469691	11.740925	22.083357
141.1	2.950238	8.790097	11.740335	21.949873
141.2	7.299429	4.440685	11.740115	21.804544
141.3	10.355850	1.384707	11.740557	21.653825
141.4	7.977302	3.763757	11.741059	21.506928
141.5	3.344157	8.396796	11.740953	21.375702
141.6	2.513233	9.227168	11.740401	21.272948
141.7	6.306286	5.433860	11.740146	21.209331
141.8	9.492764	2.247734	11.740498	21.189807
141.9	8.032608	3.708341	11.740949	21.210886
142	4.320009	7.420886	11.740895	21.260026
142.1	3.516539	8.223915	11.740454	21.317857
142.2	6.393196	5.347064	11.740260	21.362966
142.3	8.565902	3.174668	11.740571	21.377958
142.4	6.852635	4.888292	11.740927	21.354892
142.5	3.699149	8.041670	11.740819	21.298135
142.6	3.617870	8.122527	11.740397	21.223445
142.7	6.817894	4.922358	11.740252	21.153284
142.8	8.949456	2.791125	11.740581	21.109738
142.9	7.183090	4.557836	11.740926	21.107355
143	4.054119	7.686701	11.740820	21.148373
143.1	3.807630	7.932802	11.740432	21.222139
143.2	6.513506	5.226803	11.740309	21.309049
143.3	8.182619	3.557986	11.740605	21.387735
143.4	6.536607	5.204269	11.740876	21.442981
143.5	4.172999	7.567729	11.740728	21.471441
143.6	4.704388	7.035993	11.740381	21.482906
143.7	7.477532	4.262815	11.740347	21.496441
143.8	8.469016	3.271673	11.740689	21.532569
143.9	6.111899	5.629022	11.740921	21.604293
144	3.697131	8.043564	11.740695	21.710344
144.1	4.779867	6.960450	11.740317	21.833445
144.2	8.023339	3.716987	11.740326	21.944733
144.3	8.911533	2.829193	11.740726	22.013233
144.4	6.116993	5.623967	11.740960	22.017360
144.5	3.540081	8.200604	11.740685	21.954414
144.6	4.912536	6.827743	11.740279	21.844459
144.7	8.399781	3.340545	11.740326	21.726708
144.8	8.957483	2.783306	11.740789	21.649025
144.9	5.451583	6.289441	11.741024	21.653608
145	2.593327	9.147340	11.740667	21.763378
145.1	4.618513	7.121662	11.740175	21.973636
145.2	9.205572	2.534657	11.740230	22.251930
145.3	10.244465	1.496333	11.740798	22.546509
145.4	6.072193	5.668944	11.741136	22.800858
145.5	1.988508	9.752271	11.740780	22.969794
145.6	3.321474	8.418718	11.740192	23.032022
145.7	8.228216	3.511942	11.740158	22.995180
145.8	10.080355	1.660368	11.740723	22.891901
145.9	6.401129	5.339989	11.741117	22.768350
146	2.270547	9.470252	11.740800	22.669167
146.1	3.440735	8.299464	11.740198	22.623844
146.2	8.412451	3.327693	11.740144	22.638941
146.3	10.328396	1.412337	11.740733	22.698436
146.4	6.292767	5.448410	11.741177	22.771666
146.5	1.499614	10.241245	11.740859	22.825728
146.6	2.398698	9.341485	11.740183	22.837762
146.7	7.981397	3.758647	11.740044	22.802770
146.8	10.987787	0.752846	11.740633	22.734339
146.9	7.545510	4.195658	11.741168	22.658289
147	2.326066	9.414878	11.740944	22.601833
147.1	2.263663	9.476610	11.740273	22.582396
147.2	7.274907	4.465155	11.740062	22.600344
147.3	10.462391	1.278197	11.740588	22.638315
147.4	7.487736	4.253394	11.741130	22.667445
147.5	2.439440	9.301506	11.740947	22.658196
147.6	2.287470	9.452809	11.740279	22.591794
147.7	7.437393	4.302633	11.740026	22.468073
147.8	11.132021	0.608513	11.740533	22.306764
147.9	8.487075	3.254056	11.741130	22.141677
148	2.998786	8.742244	11.741030	22.009727
148.1	1.845728	9.894649	11.740377	21.938644
148.2	6.381036	5.359001	11.740037	21.937652
148.3	10.519881	1.220559	11.740440	21.994358
148.4	8.965826	2.775200	11.741026	22.078861
148.5	4.103490	7.637531	11.741021	22.153594
148.6	2.489301	9.251167	11.740468	22.185393
148.7	5.994380	5.745752	11.740132	22.155614
148.8	9.581155	2.159293	11.740448	22.064899
148.9	8.387178	3.353779	11.740957	21.931174
149	4.243420	7.497542	11.740962	21.781913
149.1	2.908912	8.831562	11.740474	21.643706
149.2	6.126670	5.613503	11.740173	21.533039
149.3	9.417824	2.322633	11.740458	21.451629
149.4	8.359789	3.381136	11.740925	21.387872
149.5	4.524768	7.216175	11.740944	21.323644
149.6	3.072846	8.667672	11.740518	21.243689
149.7	5.632878	6.107371	11.740249	21.143876
149.8	8.343854	3.396630	11.740485	21.035014
149.9	7.468698	4.272164	11.740862	20.940579
150	4.529833	7.211009	11.740842	20.888975
150.1	3.905353	7.835114	11.740468	20.903012
150.2	6.518965	5.221322	11.740287	20.990397
150.3	8.576766	3.163798	11.740565	21.138774
150.4	7.016763	4.724147	11.740910	21.317358
150.5	3.886201	7.854633	11.740834	21.484909
150.6	3.483806	8.256632	11.740439	21.601626
150.7	6.345873	5.394396	11.740269	21.641142
150.8	8.547185	3.193364	11.740549	21.598707
150.9	7.235438	4.505436	11.740874	21.492898
151	4.547882	7.192908	11.740789	21.360283
151.1	4.423280	7.317157	11.740438	21.244757
151.2	6.921102	4.819240	11.740342	21.184914
151.3	8.183403	3.557247	11.740650	21.203362
151.4	6.112709	5.628202	11.740910	21.301154
151.5	3.604399	8.136319	11.740718	21.458740
151.6	4.533654	7.206661	11.740315	21.642806
151.7	8.056282	3.683994	11.740276	21.816533
151.8	9.450933	2.289757	11.740690	21.949990
151.9	6.644834	5.096168	11.741003	22.027523
152	3.339762	8.401010	11.740772	22.050271
152.1	4.085368	7.654932	11.740300	22.033542
152.2	7.910388	3.829854	11.740242	22.000455
152.3	9.472215	2.268480	11.740695	21.974228
152.4	6.431974	5.309062	11.741036	21.971623
152.5	2.907529	8.833244	11.740773	21.999419
152.6	3.952886	7.787357	11.740243	22.054555
152.7	8.434331	3.305852	11.740183	22.127334
152.8	10.255598	1.485113	11.740711	22.206191
152.9	6.621594	5.119536	11.741130	22.282205
153	2.134346	9.606507	11.740853	22.351890
153.1	2.833429	8.906795	11.740224	22.417547
153.2	7.987687	3.752393	11.740080	22.485376
153.3	10.835649	0.904979	11.740628	22.562230
153.4	7.551313	4.189835	11.741148	22.652246
153.5	2.442058	9.298888	11.740946	22.754440
153.6	2.244682	9.495612	11.740294	22.861963
153.7	7.083176	4.656896	11.740071	22.963123
153.8	10.301412	1.439163	11.740575	23.043794
153.9	7.478432	4.262686	11.741118	23.090528
154	2.460949	9.280004	11.740953	23.093609
154.1	2.184088	9.556206	11.740294	23.049407
154.2	7.219844	4.520188	11.740032	22.961589
154.3	10.870927	0.869610	11.740537	22.840969
154.4	8.140996	3.600147	11.741143	22.704019
154.5	2.523046	9.217993	11.741039	22.570202
154.6	1.407258	10.333101	11.740359	22.458544
154.7	6.230893	5.509110	11.740004	22.383983
154.8	10.594310	1.146126	11.740436	22.354236
154.9	8.845971	2.895095	11.741066	22.367909
155	3.572886	8.168165	11.741051	22.414447
155.1	1.983581	9.756848	11.740429	22.476144
155.2	6.165067	5.574983	11.740050	22.531936
155.3	10.359753	1.380672	11.740425	22.562148
155.4	8.826056	2.914987	11.741044	22.553027
155.5	3.591046	8.150023	11.741068	22.499830
155.6	1.688590	10.051874	11.740464	22.407567
155.7	5.720249	6.019785	11.740034	22.289192
155.8	10.449995	1.290344	11.740339	22.161765
155.9	9.847235	1.893727	11.740962	22.041786
156	4.979147	6.761941	11.741088	21.941135
156.1	2.295825	9.444765	11.740590	21.864853
156.2	4.946976	6.793185	11.740161	21.811303
156.3	8.907506	2.832848	11.740354	21.774430
156.4	8.792485	2.948376	11.740860	21.747056
156.5	5.113149	6.627825	11.740973	21.723827
156.6	3.196780	8.543781	11.740562	21.702594
156.7	5.660352	6.079866	11.740218	21.683740
156.8	8.942238	2.798180	11.740418	21.667839
156.9	8.432444	3.308427	11.740872	21.652849
157	4.850104	6.890846	11.740951	21.632334
157.1	3.095397	8.645161	11.740559	21.595898
157.2	5.416361	6.323884	11.740245	21.532166
157.3	8.452618	3.287812	11.740430	21.433509
157.4	8.063175	3.677659	11.740834	21.300823
157.5	5.013348	6.727544	11.740892	21.146346
157.6	3.660382	8.080165	11.740547	20.992941
157.7	5.729568	6.010737	11.740305	20.869425
157.8	8.019965	3.720541	11.740506	20.802985
157.9	7.129923	4.610925	11.740848	20.810933
158	4.358637	7.382190	11.740827	20.894570
158.1	3.814693	7.925771	11.740464	21.037494
158.2	6.475112	5.265165	11.740277	21.209310
158.3	8.690984	3.049559	11.740543	21.373921
158.4	7.315901	4.424996	11.740897	21.499902
158.5	4.205654	7.535188	11.740842	21.569623
158.6	3.664835	8.075619	11.740454	21.584017
158.7	6.387187	5.353093	11.740280	21.561289
158.8	8.470891	3.269672	11.740563	21.529890
158.9	6.974930	4.765964	11.740893	21.518116
159	4.167578	7.573207	11.740785	21.543920
159.1	4.333432	7.406949	11.740381	21.608576
159.2	7.535251	4.205018	11.740269	21.696535
159.3	9.254895	2.485750	11.740644	21.781637
159.4	6.716098	5.024906	11.741003	21.837567
159.5	3.101780	8.639042	11.740822	21.848791
159.6	3.459271	8.281038	11.740310	21.817915
159.7	7.651708	4.088452	11.740160	21.766542
159.8	10.202461	1.538139	11.740600	21.728947
159.9	7.628679	4.112371	11.741050	21.740490
160	3.345944	8.394950	11.740894	21.824652
160.1	3.187349	8.552984	11.740334	21.983297
160.2	7.401069	4.339070	11.740139	22.193809
160.3	10.124225	1.616371	11.740597	22.414519
160.4	7.340315	4.400778	11.741093	22.596971
160.5	2.581246	9.159686	11.740932	22.701168
160.6	2.376407	9.363890	11.740297	22.708774
160.7	7.351833	4.388201	11.740034	22.629770
160.8	11.084539	0.655980	11.740519	22.500177
160.9	8.551189	3.189939	11.741128	22.371396
161	2.935732	8.805323	11.741055	22.294525
161.1	1.519597	10.220798	11.740396	22.304708
161.2	6.015116	5.724909	11.740025	22.410554
161.3	10.303237	1.437193	11.740429	22.591983
161.4	8.663171	3.077883	11.741054	22.807019
161.5	3.436147	8.304906	11.741053	23.005120
161.6	1.792562	9.947871	11.740433	23.142511
161.7	5.981505	5.758537	11.740042	23.194503
161.8	10.266719	1.473699	11.740418	23.160948
161.9	8.714215	3.026840	11.741056	23.063463
162	3.294416	8.446672	11.741088	22.935894
162.1	1.304878	10.435579	11.740457	22.811741
162.2	5.549746	6.190257	11.740003	22.713099
162.3	10.514366	1.225966	11.740332	22.644908
162.4	9.699813	2.041197	11.741009	22.596189
162.5	4.261287	7.479852	11.741140	22.547342
162.6	1.392709	10.347856	11.740565	22.480376
162.7	4.723334	7.016727	11.740060	22.387967
162.8	9.634147	2.106138	11.740285	22.277804
162.9	9.622527	2.118385	11.740912	22.170537
163	4.983525	6.757566	11.741091	22.092101
163.1	2.182802	9.557795	11.740597	22.063348
163.2	5.012875	6.727239	11.740114	22.090931
163.3	9.579294	2.161000	11.740294	22.162994
163.4	9.716978	2.023905	11.740882	22.251446
163.5	5.296676	6.444412	11.741088	22.320220
163.6	2.234595	9.506055	11.740650	22.336722
163.7	4.459328	7.280840	11.740168	22.282479
163.8	8.823856	2.916416	11.740272	22.159267
163.9	9.605106	2.135679	11.740785	21.988561
164	6.162356	5.578652	11.741008	21.804516
164.1	3.402343	8.338334	11.740677	21.642927
164.2	4.838200	6.902086	11.740287	21.529986
164.3	7.991288	3.749088	11.740375	21.474670
164.4	8.214381	3.526405	11.740786	21.467243
164.5	5.263848	6.477073	11.740921	21.484145
164.6	3.453024	8.287567	11.740591	21.497341
164.7	5.437645	6.302622	11.740267	21.484635
164.8	8.491553	3.248853	11.740406	21.437286
164.9	8.395747	3.345064	11.740811	21.362292
165	5.330745	6.410176	11.740921	21.278726
165.1	3.512058	8.228542	11.740600	21.209668
165.2	5.230438	6.509874	11.740312	21.172844
165.3	7.759592	3.980864	11.740456	21.173491
165.4	7.393317	4.347488	11.740805	21.202112
165.5	4.762735	6.978107	11.740843	21.237956
165.6	3.859641	7.880867	11.740509	21.256987
165.7	6.204453	5.535835	11.740288	21.241452
165.8	8.534488	3.206027	11.740516	21.187565
165.9	7.402313	4.338572	11.740885	21.108485
166	4.197860	7.543010	11.740870	21.031374
166.1	3.365922	8.374550	11.740473	20.989371
166.2	6.172807	5.567435	11.740242	21.011072
166.3	8.806178	2.934326	11.740504	21.110938
166.4	7.642699	4.098198	11.740897	21.283773
166.5	4.378829	7.362036	11.740865	21.505042
166.6	3.716217	8.024231	11.740448	21.736960
166.7	6.694018	5.046223	11.740241	21.938438
166.8	9.065394	2.675164	11.740557	22.075857
166.9	7.233712	4.507252	11.740965	22.131519
167	3.549691	8.191178	11.740869	22.107460
167.1	3.321156	8.419205	11.740361	22.023826
167.2	7.355417	4.384718	11.740135	21.912649
167.3	10.420877	1.319662	11.740539	21.809122
167.4	8.176123	3.564938	11.741060	21.742973
167.5	3.301217	8.439774	11.740991	21.732217
167.6	2.210060	9.530337	11.740398	21.780649
167.7	6.446923	5.293142	11.740065	21.879193
167.8	10.416532	1.323914	11.740446	22.010157
167.9	8.793647	2.947389	11.741037	22.152805
168	3.755612	7.985426	11.741038	22.288573
168.1	2.142517	9.597925	11.740441	22.404673
168.2	6.195659	5.544397	11.740056	22.495512
168.3	10.397001	1.343418	11.740419	22.562046
168.4	8.859241	2.881813	11.741054	22.609706
168.5	3.391611	8.349488	11.741099	22.645750
168.6	1.249989	10.490483	11.740471	22.676800
168.7	5.428589	6.311409	11.739998	22.707132
168.8	10.532363	1.207949	11.740312	22.737942
168.9	9.885955	1.855045	11.741000	22.767595
169	4.408540	7.332614	11.741155	22.792639
169.1	1.343504	10.397080	11.740584	22.809290
169.2	4.557430	7.182634	11.740064	22.814994
169.3	9.457391	2.282897	11.740288	22.809677
169.4	9.312460	2.428476	11.740936	22.796270
169.5	4.376740	7.364377	11.741118	22.780264
169.6	1.489769	10.250811	11.740580	22.768234
169.7	4.753303	6.986748	11.740050	22.765598
169.8	9.928758	1.811492	11.740250	22.774223
169.9	10.115196	1.625724	11.740919	22.790649
170	5.018676	6.722494	11.741170	22.805722
170.1	1.338221	10.402453	11.740674	22.806079
170.2	3.824348	7.915748	11.740096	22.777399
170.3	9.058924	2.681268	11.740191	22.708673
170.4	10.180100	1.560707	11.740807	22.596278
170.5	6.018707	5.722405	11.741112	22.446493
170.6	2.395286	9.345434	11.740720	22.275398
170.7	4.110333	7.629855	11.740188	22.105861
170.8	8.610573	3.129661	11.740233	21.962224
170.9	9.715528	2.025245	11.740772	21.864126
171	6.051606	5.689455	11.741061	21.821299
171.1	2.723773	9.016944	11.740718	21.830984
171.2	4.230336	7.509888	11.740224	21.878827
171.3	8.452365	3.287878	11.740243	21.943025
171.4	9.738731	2.001999	11.740729	22.000404
171.5	6.576702	5.164315	11.741018	22.032484
171.6	3.366951	8.373795	11.740746	22.029589
171.7	4.217667	7.522651	11.740318	21.991784
171.8	7.518290	4.222026	11.740316	21.926570
171.9	8.557487	3.183213	11.740700	21.844440
172	6.160136	5.580771	11.740907	21.754165
172.1	4.038738	7.701920	11.740658	21.659740
172.2	5.274898	6.465437	11.740335	21.560195
172.3	7.940130	3.800284	11.740414	21.452305
172.4	7.985719	3.755065	11.740784	21.334939
172.5	5.135446	6.605463	11.740910	21.213062
172.6	3.346803	8.393796	11.740599	21.099323
172.7	5.200366	6.539915	11.740281	21.012087
172.8	8.199189	3.541212	11.740401	20.970101
172.9	8.241173	3.499618	11.740791	20.985498
173	5.365738	6.375167	11.740905	21.057710
173.1	3.650210	8.090384	11.740594	21.170881
173.2	5.405492	6.334818	11.740310	21.296323
173.3	7.909307	3.831159	11.740466	21.399847
173.4	7.349061	4.391774	11.740835	21.451959
173.5	4.394879	7.345992	11.740872	21.437651
173.6	3.393860	8.346633	11.740494	21.362368
173.7	6.158375	5.581849	11.740224	21.251760
173.8	9.131432	2.609032	11.740464	21.144859
173.9	8.171184	3.569724	11.740907	21.082528
174	4.433751	7.307192	11.740942	21.094799
174.1	2.997293	8.743214	11.740507	21.191253
174.2	5.870980	5.869218	11.740198	21.357749
174.3	9.071934	2.668519	11.740453	21.560737
174.4	8.064120	3.676805	11.740925	21.757871
174.5	4.183938	7.557006	11.740944	21.911433
174.6	2.991286	8.749170	11.740456	22.000065
174.7	6.529666	5.210463	11.740129	22.024842
174.8	10.170702	1.569745	11.740447	22.007597
174.9	8.738300	3.002713	11.741013	21.982135
175	3.775570	7.965484	11.741055	21.981416
175.1	1.833050	9.907431	11.740481	22.025277
175.2	5.713334	6.026707	11.740041	22.113069
175.3	10.460720	1.279614	11.740334	22.223922
175.4	9.796725	1.944261	11.740985	22.324623
175.5	4.553060	7.188071	11.741131	22.382383
175.6	1.674867	10.065707	11.740574	22.377962
175.7	4.944854	6.795208	11.740062	22.314390
175.8	9.865630	1.874658	11.740288	22.217979
175.9	9.694323	2.046623	11.740946	22.130974
176	4.577768	7.163376	11.741144	22.098129
176.1	1.427767	10.312836	11.740602	22.151652
176.2	4.605140	7.134905	11.740045	22.299640
176.3	9.950353	1.789875	11.740228	22.522017
176.4	10.282366	1.458552	11.740919	22.775489
176.5	5.035858	6.705341	11.741199	23.005998
176.6	1.072480	10.668215	11.740695	23.164649
176.7	3.547322	8.192755	11.740077	23.221939
176.8	9.081778	2.658382	11.740160	23.175718
176.9	10.360033	1.380782	11.740815	23.050482
177	5.894739	5.846420	11.741160	22.888510
177.1	1.847422	9.893325	11.740747	22.736019
177.2	3.602312	8.137843	11.740155	22.629072
177.3	8.566597	3.173592	11.740189	22.583806
177.4	9.845124	1.895668	11.740792	22.593912
177.5	5.662698	6.078437	11.741135	22.635669
177.6	1.742857	9.997888	11.740745	22.678223
177.7	3.520404	8.219740	11.740144	22.695173
177.8	8.798482	2.941654	11.740136	22.673271
177.9	10.713544	1.027184	11.740729	22.615361
178	6.886178	4.854960	11.741138	22.536945
178.1	2.439823	9.301019	11.740842	22.458123
178.2	3.038606	8.701657	11.740263	22.394320
178.3	7.489613	4.250554	11.740166	22.349507
178.4	9.710811	2.029830	11.740641	22.314568
178.5	7.035147	4.705867	11.741015	22.271378
178.6	3.513544	8.227250	11.740794	22.200972
178.7	4.066758	7.673556	11.740314	22.092558
178.8	7.787633	3.952612	11.740245	21.949791
178.9	9.455378	2.285288	11.740666	21.791714
179	6.829755	4.911233	11.740988	21.647744
179.1	3.574650	8.166129	11.740779	21.548302
179.2	4.033441	7.706906	11.740348	21.514321
179.3	7.325969	4.414316	11.740285	21.549370
179.4	8.838074	2.902575	11.740649	21.637268
179.5	6.715187	5.025725	11.740912	21.746143
179.6	4.210127	7.530594	11.740721	21.837702
179.7	4.844100	6.896277	11.740377	21.878626
179.8	7.434325	4.306060	11.740385	21.850341
179.9	7.979058	3.761667	11.740726	21.753958
180	5.536214	6.204681	11.740894	21.608915
180.1	3.625151	8.115480	11.740631	21.445966
180.2	5.152226	6.588077	11.740303	21.297075
180.3	8.131007	3.609378	11.740384	21.185708
180.4	8.375337	3.365440	11.740777	21.120732
180.5	5.429083	6.311852	11.740935	21.095752
180.6	3.311582	8.429051	11.740633	21.093767
180.7	4.915182	6.825111	11.740293	21.095177
180.8	7.913389	3.827004	11.740393	21.086092
180.9	8.023269	3.717521	11.740790	21.063943
181	5.100791	6.640122	11.740912	21.038431
181.1	3.419344	8.321230	11.740573	21.027622
181.2	5.589844	6.150408	11.740251	21.050697
181.3	8.667580	3.072844	11.740423	21.120036
181.4	8.140026	3.600850	11.740876	21.235481
181.5	4.407739	7.333232	11.740972	21.382850
181.6	2.566749	9.173793	11.740542	21.537244
181.7	5.445502	6.294651	11.740154	21.670099
181.8	9.447266	2.293086	11.740352	21.757678
181.9	9.223897	2.516993	11.740890	21.788284
182	5.024996	6.716044	11.741040	21.765949
182.1	2.547868	9.192721	11.740589	21.709518
182.2	5.208148	6.532003	11.740151	21.647500
182.3	9.333467	2.406872	11.740340	21.610296
182.4	9.080856	2.660055	11.740911	21.622129
182.5	4.566300	7.174773	11.741073	21.694880
182.6	1.986736	9.753832	11.740568	21.825405
182.7	5.242011	6.498048	11.740059	21.996766
182.8	10.348345	1.391909	11.740254	22.182777
182.9	10.495311	1.245617	11.740928	22.354432
183	5.210339	6.530860	11.741199	22.486515
183.1	1.241593	10.499103	11.740696	22.562843
183.2	3.713770	8.026306	11.740075	22.579114
183.3	9.292643	2.447511	11.740154	22.543032
183.4	10.592159	1.148660	11.740819	22.471977
183.5	6.006604	5.734574	11.741178	22.388946
183.6	1.794360	9.946396	11.740756	22.317725
183.7	3.613924	8.126208	11.740131	22.278249
183.8	8.910424	2.829729	11.740153	22.283001
183.9	10.403448	1.337344	11.740792	22.335059
184	5.949666	5.791519	11.741185	22.428087
184.1	1.462915	10.277882	11.740796	22.548233
184.2	2.962867	8.777276	11.740143	22.677501
184.3	8.485013	3.255083	11.740096	22.797828
184.4	10.727888	1.012825	11.740712	22.894909
184.5	6.817000	4.924168	11.741168	22.960802
184.6	2.046212	9.694654	11.740866	22.994656
184.7	2.679963	9.060268	11.740230	23.001384
184.8	7.619048	4.121067	11.740115	22.988757
184.9	10.086576	1.654079	11.740655	22.963885
185	6.856482	4.884621	11.741103	22.930341
185.1	2.487695	9.253160	11.740855	22.886962
185.2	2.996271	8.743987	11.740258	22.828853
185.3	7.703936	4.036190	11.740125	22.750298
185.4	10.262075	1.478555	11.740630	22.648523
185.5	7.278509	4.462579	11.741089	22.526844
185.6	2.802180	8.938712	11.740893	22.395816
185.7	2.765115	8.975204	11.740318	22.271614
185.8	7.085448	4.654683	11.740131	22.171881
185.9	10.020546	1.720007	11.740553	22.110246
186	7.975528	3.765468	11.740996	22.091355
186.1	4.064338	7.676547	11.740885	22.108272
186.2	3.534385	8.206033	11.740418	22.143427
186.3	6.665751	5.074498	11.740249	22.173114
186.4	8.801307	2.939274	11.740581	22.174291
186.5	7.043152	4.697765	11.740917	22.131568
186.6	4.135110	7.605672	11.740782	22.042023
186.7	4.355293	7.385087	11.740381	21.916193
186.8	7.446194	4.294093	11.740287	21.774798
186.9	9.078776	2.661856	11.740631	21.642243
187	6.991145	4.749785	11.740930	21.539081
187.1	4.081855	7.658922	11.740777	21.476007
187.2	4.232926	7.507479	11.740405	21.451410
187.3	6.902444	4.837897	11.740341	21.453255
187.4	8.093778	3.646876	11.740654	21.464480
187.5	6.164615	5.576258	11.740873	21.469790
187.6	4.124597	7.616075	11.740672	21.461234
187.7	5.173744	6.566602	11.740346	21.440406
187.8	7.930658	3.809727	11.740385	21.416426
187.9	8.286294	3.454469	11.740763	21.400527
188	5.355627	6.385322	11.740949	21.399483
188.1	3.008025	8.732632	11.740656	21.410687
188.2	4.573620	7.166650	11.740270	21.421180
188.3	8.058776	3.681550	11.740326	21.411484
188.4	8.736656	3.004101	11.740757	21.363201
188.5	5.697359	6.043609	11.740968	21.267706
188.6	3.202407	8.538256	11.740663	21.132571
188.7	4.774445	6.965823	11.740268	20.982867
188.8	8.185916	3.554432	11.740349	20.856170
188.9	8.484185	3.256621	11.740806	20.792293
189	5.018273	6.722721	11.740994	20.820844
189.1	2.606808	9.133809	11.740617	20.950725
189.2	4.926100	6.814075	11.740175	21.165341
189.3	9.158840	2.581453	11.740293	21.425590
189.4	9.561808	2.179037	11.740844	21.680118
189.5	5.367452	6.373636	11.741088	21.879874
189.6	2.129676	9.610997	11.740673	21.992365
189.7	4.327405	7.412738	11.740143	22.010990
189.8	9.143181	2.597041	11.740222	21.956330
189.9	10.085975	1.654843	11.740818	21.868899
190	5.800325	5.940803	11.741128	21.795716
190.1	2.080263	9.660454	11.740717	21.775131
190.2	4.103436	7.636694	11.740130	21.824944
190.3	9.278981	2.461192	11.740173	21.937730
190.4	10.556466	1.184346	11.740812	22.084792
190.5	5.959378	5.781815	11.741193	22.227233
190.6	1.472165	10.268623	11.740788	22.330189
190.7	3.166540	8.573575	11.740115	22.375204
190.8	9.005570	2.734497	11.740067	22.366442
190.9	11.400298	0.340419	11.740717	22.328628
191	7.232929	4.508283	11.741212	22.297524
191.1	1.974386	9.766523	11.740910	22.306406
191.2	2.384039	9.356189	11.740227	22.373388
191.3	7.578250	4.161825	11.740075	22.494155
191.4	10.396434	1.344201	11.740635	22.642731
191.5	7.110694	4.630438	11.741132	22.780080
191.6	2.357808	9.383082	11.740891	22.867585
191.7	2.731934	9.008310	11.740244	22.880698
191.8	7.803080	3.936996	11.740077	22.818005
191.9	10.705731	1.034891	11.740622	22.702530
192	7.428939	4.312213	11.741152	22.574772
192.1	2.223949	9.517009	11.740958	22.479820
192.2	1.892953	9.847350	11.740303	22.452884
192.3	6.736890	5.003165	11.740054	22.508075
192.4	10.303242	1.437278	11.740520	22.634076
192.5	8.087636	3.653423	11.741059	22.797978
192.6	3.382826	8.358133	11.740959	22.955761
192.7	2.579086	9.161301	11.740387	23.065755
192.8	6.528260	5.211874	11.740133	23.100580
192.9	9.644795	2.095732	11.740527	23.053755
193	7.679855	4.061157	11.741012	22.939227
193.1	3.430857	8.310067	11.740924	22.784516
193.2	2.765776	8.974616	11.740392	22.620353
193.3	6.619441	5.120698	11.740139	22.470690
193.4	9.863210	1.877284	11.740494	22.346512
193.5	8.339324	3.401642	11.740966	22.245327
193.6	4.326585	7.414347	11.740932	22.155916
193.7	3.186710	8.553765	11.740474	22.066064
193.8	6.095876	5.644353	11.740229	21.969907
193.9	8.802682	2.937818	11.740500	21.871898
194	7.737048	4.003828	11.740876	21.785783
194.1	4.777480	6.963352	11.740832	21.729000
194.2	4.262818	7.477643	11.740461	21.714754
194.3	6.785884	4.954427	11.740311	21.744943
194.4	8.540771	3.199820	11.740591	21.806877
194.5	6.911948	4.828942	11.740890	21.875335
194.6	4.221758	7.519015	11.740773	21.919546
194.7	4.355847	7.384558	11.740405	21.912824
194.8	7.168911	4.571402	11.740312	21.841560
194.9	8.671163	3.069467	11.740630	21.710390
195	6.718462	5.022445	11.740907	21.541662
195.1	4.080617	7.660132	11.740749	21.369208
195.2	4.483685	7.256700	11.740385	21.228423
195.3	7.244864	4.495482	11.740346	21.145848
195.4	8.203119	3.537577	11.740697	21.131607
195.5	5.731364	6.009568	11.740932	21.177067
195.6	3.266552	8.474137	11.740688	21.258294
195.7	4.555960	7.184322	11.740282	21.344010
195.8	8.179804	3.560487	11.740291	21.405316
195.9	9.218901	2.521834	11.740736	21.424032
196	6.036936	5.704086	11.741022	21.397096
196.1	2.764432	8.976316	11.740748	21.335928
196.2	3.780863	7.959414	11.740278	21.261345
196.3	7.653850	4.086404	11.740254	21.196029
196.4	9.021313	2.719398	11.740711	21.157230
196.5	6.013542	5.727466	11.741008	21.152051
196.6	2.953421	8.787295	11.740716	21.176667
196.7	4.390198	7.350033	11.740231	21.219377
196.8	8.590848	3.149398	11.740245	21.266127
196.9	9.672075	2.068703	11.740778	21.306396
197	5.746657	5.994453	11.741111	21.337384
197.1	1.884722	9.856036	11.740758	21.365150
197.2	3.469096	8.271064	11.740160	21.402425
197.3	8.747837	2.992282	11.740119	21.463983
197.4	10.876403	0.864310	11.740712	21.561149
197.5	7.021716	4.719445	11.741161	21.697235
197.6	2.296733	9.444130	11.740863	21.865303
197.7	3.008424	8.731792	11.740216	22.048873
197.8	8.160126	3.579967	11.740093	22.225329
197.9	10.725657	1.015009	11.740666	22.371038
198	7.127085	4.614077	11.741162	22.466831
198.1	2.162045	9.578855	11.740900	22.502485
198.2	2.616625	9.123594	11.740219	22.479223
198.3	8.070326	3.669707	11.740033	22.409721
198.4	11.319314	0.421291	11.740605	22.315703
198.5	7.966579	3.774604	11.741183	22.223670
198.6	2.342807	9.398194	11.741001	22.159619
198.7	1.781545	9.958756	11.740302	22.143788
198.8	6.894037	4.845973	11.740011	22.186463
198.9	10.841193	0.899308	11.740501	22.285719
199	8.495956	3.245149	11.741105	22.427647
199.1	3.167701	8.573322	11.741024	22.589161
199.2	1.977658	9.762733	11.740390	22.742921
199.3	6.278717	5.461352	11.740069	22.863378
199.4	10.024056	1.716427	11.740483	22.932546
199.5	8.093404	3.647648	11.741052	22.944077
199.6	3.187574	8.553426	11.740999	22.904503
199.7	2.046653	9.693746	11.740399	22.831204
199.8	6.280294	5.459771	11.740065	22.747561
199.9	10.247026	1.493418	11.740444	22.676576
200	8.705384	3.035639	11.741024	22.634775
