#time	ekin		epot		etot		chain_length
0	11.740600	0.000000	11.740600	22.000000
1	10.336406	1.268962	11.605368	22.416068
2	8.908045	2.660306	11.568351	22.724420
3	8.404736	3.181865	11.586600	22.350391
4	8.922725	2.803755	11.726480	21.847723
5	9.772206	2.050901	11.823107	21.257069
6	9.909520	1.874169	11.783690	21.038925
7	10.708690	0.942033	11.650723	21.637957
8	10.633896	0.860174	11.494070	22.281678
9	9.536028	1.953161	11.489189	22.874821
10	8.458626	3.098029	11.556655	22.870599
11	7.928368	3.714773	11.643141	22.236013
12	9.143299	2.579067	11.722366	21.759268
13	10.241608	1.449465	11.691073	21.304528
14	10.732809	0.898457	11.631266	21.384559
15	10.284120	1.205262	11.489382	21.860068
16	8.908327	2.483258	11.391585	22.232147
17	8.412849	3.030759	11.443608	22.689609
18	8.294319	3.257709	11.552029	22.498467
19	8.677413	3.014075	11.691488	21.921435
20	9.345371	2.310031	11.655402	21.408893
21	10.000059	1.529306	11.529365	21.021655
22	10.540567	0.887831	11.428398	21.520542
23	9.381179	1.973315	11.354494	22.233022
24	7.631376	3.775237	11.406613	22.737405
25	7.318416	4.137453	11.455868	22.945636
26	8.315463	3.245875	11.561338	22.349141
27	9.604636	2.022969	11.627605	21.814464
28	9.566428	1.963815	11.530244	21.395406
29	9.232534	2.164902	11.397436	21.198670
30	9.111066	2.150514	11.261580	21.694349
31	8.111443	3.199270	11.310713	22.103725
32	7.185441	4.257083	11.442524	22.576361
33	7.096856	4.419350	11.516206	22.671765
34	8.396736	3.152679	11.549415	22.015867
35	9.768308	1.693561	11.461869	21.531143
36	9.326614	2.050111	11.376725	21.110777
37	8.393860	2.886411	11.280271	21.357149
38	7.226602	4.006557	11.233159	22.189897
39	6.768239	4.566786	11.335025	22.606627
40	7.221275	4.230099	11.451375	22.905665
41	7.651041	3.888752	11.539792	22.523689
42	8.612532	2.858010	11.470543	21.823492
43	8.658878	2.648073	11.306950	21.494591
44	8.286905	2.936048	11.222953	21.109127
45	7.385076	3.831783	11.216859	21.448680
46	5.916244	5.398735	11.314979	22.053069
47	6.027503	5.376390	11.403893	22.429230
48	7.035614	4.410442	11.446056	22.782624
49	8.432876	3.025326	11.458202	22.211878
50	8.448822	2.898890	11.347712	21.570496
51	7.096330	4.120463	11.216793	21.283756
52	6.655082	4.499892	11.154974	21.229047
53	6.053673	5.174049	11.227722	22.049094
54	5.823948	5.581495	11.405443	22.565264
55	5.934424	5.527143	11.461567	22.738053
56	6.909969	4.506250	11.416220	22.693013
57	8.271595	3.038596	11.310191	21.899551
58	7.441988	3.766709	11.208697	21.492450
59	5.920946	5.275159	11.196105	21.172123
60	4.886875	6.314453	11.201329	21.167228
61	5.033557	6.281964	11.315520	21.974948
62	5.985864	5.451590	11.437454	22.384110
63	6.337503	5.109366	11.446869	22.736043
64	6.907409	4.457544	11.364952	22.503751
65	6.778955	4.406005	11.184960	21.613656
66	5.838579	5.306890	11.145469	21.389927
67	4.900436	6.317342	11.217778	21.265642
68	4.123212	7.207101	11.330313	21.767646
69	4.699056	6.737716	11.436772	22.554963
70	5.795829	5.610543	11.406372	22.590122
71	6.650041	4.720096	11.370137	22.697456
72	6.532877	4.732103	11.264980	22.135898
73	5.008802	6.158821	11.167623	21.408527
74	4.009624	7.178540	11.188164	21.263236
75	4.000693	7.275673	11.276366	21.033333
76	4.381009	7.076033	11.457042	21.734010
77	4.974359	6.509958	11.484317	22.475274
78	5.344913	6.032213	11.377125	22.623643
79	6.000700	5.259290	11.259990	22.704020
80	5.443198	5.738296	11.181494	21.832134
81	3.621318	7.627687	11.249004	21.335781
82	2.829318	8.481229	11.310547	21.419142
83	3.375824	8.031123	11.406947	21.515721
84	4.877226	6.615927	11.493152	22.376318
85	5.337094	6.116954	11.454048	22.609714
86	4.858867	6.493500	11.352367	22.527903
87	4.636726	6.568275	11.205001	22.397876
88	3.657841	7.550453	11.208294	21.456770
89	2.950353	8.399376	11.349729	21.192386
90	2.700094	8.771180	11.471274	21.125102
91	3.483299	8.050784	11.534083	21.418838
92	4.937013	6.526097	11.463110	22.498961
93	4.945949	6.430806	11.376755	22.669782
94	4.442441	6.868582	11.311022	22.667662
95	3.047316	8.221260	11.268575	22.196456
96	2.138504	9.204793	11.343297	21.291966
97	2.576038	8.885925	11.461963	21.443985
98	3.250645	8.331376	11.582021	21.495027
99	4.287918	7.299448	11.587366	21.987236
100	4.209476	7.226884	11.436360	22.675599
101	3.922549	7.402951	11.325500	22.429623
102	3.464783	7.844614	11.309397	22.440960
103	2.093726	9.322128	11.415855	21.757857
104	1.730509	9.813088	11.543597	21.021171
105	2.360784	9.222618	11.583403	21.225903
106	4.054223	7.560770	11.614993	21.304727
107	4.669172	6.877937	11.547109	22.264504
108	3.459631	7.978731	11.438361	22.886823
109	2.648857	8.718837	11.367694	22.561456
110	2.069553	9.323537	11.393090	22.420115
111	2.038054	9.547386	11.585440	21.504064
112	2.185563	9.511447	11.697010	21.243812
113	2.865998	8.825506	11.691504	21.603606
114	4.184464	7.409673	11.594137	21.658179
115	4.034851	7.439794	11.474645	22.502818
116	2.837894	8.641859	11.479753	22.581668
117	1.645694	9.846948	11.492643	22.290834
118	1.283157	10.313502	11.596659	22.087197
119	2.214264	9.506030	11.720294	21.058045
120	3.080832	8.684754	11.765586	21.089018
121	3.780361	7.961727	11.742088	21.455196
122	3.677987	7.893921	11.571908	21.931166
123	2.726511	8.769119	11.495630	22.969373
124	2.097617	9.447328	11.544945	22.682188
125	1.539088	10.138809	11.677897	22.345666
126	1.643578	10.179413	11.822991	21.891315
127	2.595860	9.214442	11.810302	21.089418
128	3.671796	8.103459	11.775255	21.513097
129	4.297909	7.395115	11.693023	21.631498
130	2.979511	8.632693	11.612204	22.081216
131	1.544046	10.071220	11.615266	22.775183
132	1.451065	10.224564	11.675629	22.285343
133	2.010944	9.847675	11.858619	22.138266
134	2.919980	9.027881	11.947861	21.414836
135	3.126028	8.755490	11.881518	20.844521
136	3.737346	8.016421	11.753768	21.554527
137	3.764381	7.887120	11.651501	21.849248
138	2.313403	9.393428	11.706831	22.706909
139	1.369391	10.426402	11.795793	22.991525
140	1.364084	10.523339	11.887422	22.233651
141	2.902914	9.072735	11.975648	22.081060
142	3.999661	7.966737	11.966398	21.273186
143	3.829426	8.066475	11.895901	21.158867
144	3.565755	8.196383	11.762138	21.726275
145	2.466513	9.244462	11.710975	21.776839
146	2.030709	9.798614	11.829323	22.659185
147	1.946710	10.027789	11.974498	22.597054
148	2.509471	9.567406	12.076877	21.998529
149	3.774727	8.258336	12.033063	21.768353
150	4.173824	7.748380	11.922204	20.879120
151	4.293537	7.569851	11.863388	21.332801
152	3.121088	8.701844	11.822932	22.036691
153	1.801059	10.082680	11.883740	22.348460
154	1.965271	10.020410	11.985681	23.093459
155	2.958151	9.141488	12.099639	22.427892
156	4.356937	7.806657	12.163594	21.940695
157	4.355465	7.683635	12.039100	21.640568
158	3.975279	7.934285	11.909564	20.912026
159	3.833077	8.016608	11.849685	21.550665
160	2.926713	9.008475	11.935188	21.833705
161	2.331084	9.762731	12.093815	22.280679
162	2.560405	9.580954	12.141360	22.916968
163	4.212430	7.959804	12.172234	22.082705
164	5.517709	6.593502	12.111211	21.782546
165	4.834098	7.184040	12.018137	21.263766
166	3.751837	8.195763	11.947600	21.008394
167	3.046788	8.876423	11.923211	22.087380
168	3.057149	9.028969	12.086119	22.294562
169	3.559183	8.661099	12.220282	22.795062
170	4.119568	8.140944	12.260512	22.816535
171	5.249666	6.926166	12.175831	21.828697
172	5.546787	6.476539	12.023326	21.754154
173	4.820840	7.181562	12.002402	21.076029
174	3.843172	8.172534	12.015706	21.098621
175	2.999342	9.114092	12.113433	21.975903
176	3.616778	8.603443	12.220221	22.083936
177	4.886039	7.379515	12.265555	22.857158
178	5.944958	6.324977	12.269935	22.522981
179	6.089839	6.036692	12.126531	21.627540
180	4.914104	7.098118	12.012222	21.583612
181	4.441889	7.566351	12.008240	21.022669
182	4.200598	7.920604	12.121202	21.745961
183	4.162992	8.126543	12.289536	22.493853
184	4.838432	7.468612	12.307044	22.441233
185	5.819048	6.433432	12.252480	22.933710
186	7.125370	5.035064	12.160435	22.102522
187	6.305153	5.771148	12.076302	21.536879
188	4.642828	7.423476	12.066303	21.407489
189	4.160036	7.936317	12.096353	20.826183
190	4.716140	7.519688	12.235829	21.774185
191	6.031430	6.323480	12.354910	22.276836
192	6.304379	6.018907	12.323286	22.541084
193	6.734493	5.464058	12.198552	22.913890
194	7.001270	5.051822	12.053092	21.772098
195	5.997172	6.056513	12.053685	21.511232
196	5.152094	6.999182	12.151276	21.381776
197	4.649184	7.589863	12.239047	21.328066
198	5.878716	6.443471	12.322187	22.470000
199	7.322593	4.980992	12.303585	22.450130
200	7.711800	4.526581	12.238381	22.635946
