#time	ekin		epot		etot		chain_length
0	11.740600	0.000000	11.740600	22.000000
0.1	11.740600	3.861536	15.602136	22.316954
0.2	8.236638	10.265059	18.501697	22.571760
0.3	2.417207	10.740812	13.158019	22.720688
0.4	1.959441	5.009987	6.969428	22.750793
0.5	7.133035	1.131317	8.264352	22.682257
0.6	10.653894	4.297365	14.951259	22.560199
0.7	7.811869	9.840177	17.652045	22.438995
0.8	2.809301	9.947877	12.757178	22.364614
0.9	2.705826	4.546365	7.252191	22.360951
1	7.580101	1.252540	8.832641	22.424532
1.1	10.554690	4.690505	15.245196	22.528887
1.2	7.443567	10.143018	17.586585	22.636455
1.3	2.502296	10.209468	12.711764	22.713354
1.4	2.426878	5.000046	7.426924	22.741565
1.5	7.135444	1.752042	8.887486	22.724279
1.6	10.091510	4.708476	14.799986	22.682848
1.7	7.440332	9.481653	16.921985	22.646930
1.8	3.123174	9.476541	12.599715	22.641841
1.9	3.101370	5.053214	8.154584	22.678051
2	7.076305	2.672227	9.748532	22.746735
2.1	9.230626	5.620511	14.851137	22.822960
2.2	6.585455	9.542025	16.127480	22.875146
2.3	3.053079	8.818286	11.871365	22.877163
2.4	3.703337	4.493194	8.196531	22.818473
2.5	7.609346	2.611252	10.220597	22.708583
2.6	9.322014	5.633993	14.956007	22.574203
2.7	6.604068	9.180025	15.784094	22.450222
2.8	3.391965	8.419352	11.811318	22.367837
2.9	4.052642	4.763093	8.815735	22.344097
3	7.342796	3.478291	10.821087	22.376516
3.1	8.526591	6.044255	14.570845	22.444454
3.2	6.249547	8.329781	14.579328	22.516513
3.3	4.202407	6.907396	11.109802	22.561070
3.4	5.464780	4.059862	9.524642	22.556130
3.5	8.002025	4.230346	12.232371	22.495125
3.6	7.838720	7.310369	15.149089	22.386954
3.7	5.077556	8.723999	13.801555	22.250763
3.8	3.822576	6.203183	10.025760	22.107828
3.9	6.099706	3.256806	9.356512	21.973846
4	8.750859	4.123307	12.874167	21.854502
4.1	7.972852	7.523146	15.495998	21.745799
4.2	4.921728	8.448183	13.369912	21.638623
4.3	4.092420	5.537443	9.629863	21.525426
4.4	6.694026	3.238738	9.932764	21.406092
4.5	8.727573	5.340942	14.068515	21.290447
4.6	6.810596	9.149573	15.960169	21.196261
4.7	3.393182	9.037896	12.431077	21.143333
4.8	3.532753	4.642502	8.175256	21.145842
4.9	7.520702	1.861933	9.382635	21.205816
5	10.019193	4.750296	14.769488	21.310265
5.1	7.386582	9.589098	16.975680	21.433203
5.2	3.002376	9.809692	12.812069	21.542121
5.3	2.799395	5.170215	7.969611	21.606875
5.4	6.985104	2.228439	9.213543	21.608221
5.5	9.636323	5.169990	14.806312	21.543288
5.6	6.984311	9.806227	16.790538	21.426378
5.7	2.815824	9.394606	12.210429	21.284961
5.8	3.204875	4.282812	7.487686	21.152200
5.9	7.817732	1.680643	9.498375	21.058316
6	10.143099	5.563559	15.706658	21.023259
6.1	6.613252	10.806106	17.419358	21.052568
6.2	1.879072	10.063856	11.942928	21.137233
6.3	2.572277	4.068473	6.640750	21.257174
6.4	8.010827	0.885466	8.896293	21.387043
6.5	10.892471	4.867481	15.759952	21.502620
6.6	7.287765	10.546188	17.833954	21.586183
6.7	2.150156	10.092309	12.242465	21.629749
6.8	2.560253	4.143255	6.703508	21.635744
6.9	7.938291	0.960652	8.898944	21.615321
7	10.813550	4.986885	15.800435	21.584986
7.1	7.172894	10.640057	17.812951	21.562446
7.2	2.066922	10.004042	12.070964	21.562576
7.3	2.653058	3.805188	6.458246	21.594340
7.4	8.269859	0.472201	8.742061	21.659251
7.5	11.288325	4.562215	15.850540	21.751669
7.6	7.581572	10.527767	18.109339	21.860871
7.7	2.168646	10.357900	12.526545	21.974398
7.8	2.308303	4.472228	6.780531	22.081824
7.9	7.637195	0.927090	8.564286	22.177834
8	10.869142	4.277935	15.147077	22.263607
8.1	7.862182	9.574566	17.436748	22.345868
8.2	3.069291	9.527278	12.596568	22.433707
8.3	3.083726	4.584089	7.667815	22.534053
8.4	7.525566	1.976344	9.501910	22.647313
8.5	9.876441	5.426623	15.303064	22.764877
8.6	6.764963	10.054153	16.819116	22.869749
8.7	2.585715	9.378060	11.963776	22.940609
8.8	3.194512	4.355641	7.550153	22.958398
8.9	7.740082	1.876873	9.616955	22.913428
9	9.999758	5.130834	15.130592	22.810570
9.1	7.071939	9.426167	16.498106	22.670405
9.2	3.174169	9.007766	12.181935	22.525404
9.3	3.513957	4.975727	8.489684	22.411829
9.4	7.130989	3.304462	10.435451	22.359612
9.5	8.650342	6.205103	14.855445	22.383342
9.6	6.060482	9.220915	15.281397	22.477377
9.7	3.355088	7.878407	11.233495	22.616902
9.8	4.562863	4.105185	8.668047	22.764833
9.9	7.960079	3.314923	11.275003	22.882509
10	8.675208	6.601042	15.276250	22.940800
10.1	5.713958	9.290497	15.004454	22.928017
10.2	3.277855	7.721405	10.999260	22.852106
10.3	4.675422	4.343118	9.018539	22.736533
10.4	7.721254	3.938981	11.660234	22.611449
10.5	8.113760	6.697701	14.811461	22.503356
10.6	5.663071	8.212220	13.875291	22.426925
10.7	4.308802	6.183132	10.491934	22.381760
10.8	6.112876	3.828787	9.941663	22.355021
10.9	8.199319	4.974747	13.174066	22.328556
11	7.155289	8.141422	15.296711	22.287563
11.1	4.323475	8.526478	12.849953	22.227208
11.2	4.007709	5.162451	9.170160	22.154522
11.3	7.050504	2.684739	9.735243	22.084783
11.4	9.270886	4.779991	14.050877	22.033862
11.5	7.368124	8.653177	16.021302	22.009714
11.6	3.879013	8.774017	12.653030	22.006686
11.7	3.780576	4.841358	8.621934	22.005341
11.8	7.324460	2.466022	9.790482	21.978374
11.9	9.449781	5.232684	14.682465	21.900777
12	6.944610	9.351040	16.295650	21.760555
12.1	3.242663	8.825460	12.068123	21.565789
12.2	3.738986	4.108295	7.847281	21.344984
12.3	7.997844	1.824833	9.822677	21.139958
12.4	10.033143	5.534914	15.568057	20.993343
12.5	6.653910	10.433486	17.087396	20.934843
12.6	2.222373	9.773640	11.996013	20.971131
12.7	2.830708	4.318859	7.149567	21.083103
12.8	7.771980	1.500693	9.272673	21.231737
12.9	10.323786	5.163080	15.486866	21.370694
13	7.018487	10.139667	17.158154	21.461364
13.1	2.527416	9.420640	11.948055	21.485082
13.2	3.175937	4.035570	7.211507	21.448183
13.3	8.024729	1.730953	9.755682	21.378114
13.4	10.080720	6.079594	16.160314	21.312073
13.5	6.135814	11.228942	17.364756	21.282340
13.6	1.492813	9.865190	11.358003	21.303773
13.7	2.754130	3.492241	6.246371	21.368123
13.8	8.539285	0.626762	9.166047	21.447359
13.9	11.134973	5.169340	16.304313	21.504874
14	7.016341	10.975360	17.991701	21.510442
14.1	1.750093	10.224445	11.974539	21.453331
14.2	2.418477	4.104364	6.522840	21.348562
14.3	7.953565	1.079953	9.033518	21.233659
14.4	10.699888	5.182711	15.882598	21.156758
14.5	7.004283	10.530267	17.534550	21.160060
14.6	2.178099	9.580185	11.758284	21.264461
14.7	3.040693	3.593300	6.633993	21.460883
14.8	8.456183	0.836123	9.292306	21.711589
14.9	10.949779	5.129195	16.078974	21.961264
15	7.060553	10.631843	17.692396	22.154269
15.1	2.068577	9.941549	12.010126	22.252259
15.2	2.680990	4.165578	6.846568	22.246246
15.3	7.914281	1.156493	9.070774	22.159103
15.4	10.666174	4.664111	15.330285	22.037771
15.5	7.519033	9.501314	17.020347	21.937965
15.6	3.137360	9.071504	12.208864	21.906594
15.7	3.491875	4.427697	7.919572	21.967754
15.8	7.663958	2.368926	10.032883	22.116704
15.9	9.529489	5.704390	15.233879	22.323371
16	6.536162	9.517510	16.053672	22.543618
16.1	3.099226	8.377028	11.476254	22.733998
16.2	4.119239	4.004757	8.123996	22.864794
16.3	8.058080	2.651096	10.709176	22.927101
16.4	9.282252	6.199122	15.481375	22.932102
16.5	6.080431	9.663923	15.744354	22.903558
16.6	2.938942	8.367309	11.306250	22.866913
16.7	4.088959	4.399840	8.488799	22.839336
16.8	7.667760	3.364328	11.032088	22.824361
16.9	8.627181	6.383573	15.010755	22.812791
17	5.931519	8.818040	14.749559	22.789017
17.1	3.737550	7.198833	10.936383	22.739867
17.2	5.172363	4.158964	9.331327	22.662250
17.3	7.886890	4.368450	12.255340	22.566451
17.4	7.692258	7.617495	15.309753	22.473759
17.5	4.773901	9.156904	13.930806	22.409307
17.6	3.394568	6.685410	10.079977	22.392885
17.7	5.621821	3.711384	9.333204	22.431197
17.8	8.305879	4.403167	12.709045	22.514511
17.9	7.701434	7.511991	15.213425	22.618933
18	4.923741	8.290302	13.214043	22.713519
18.1	4.226363	5.582882	9.809245	22.769669
18.2	6.639931	3.604084	10.244014	22.769525
18.3	8.387936	5.643962	14.031899	22.710555
18.4	6.540482	8.914800	15.455283	22.604965
18.5	3.621923	8.363953	11.985876	22.474466
18.6	4.160622	4.206040	8.366662	22.342510
18.7	7.926458	2.105993	10.032452	22.226854
18.8	9.803247	5.258199	15.061445	22.135005
18.9	6.934917	9.539248	16.474164	22.063832
19	3.065433	9.011692	12.077125	22.003081
19.1	3.548866	4.332616	7.881481	21.941075
19.2	7.774337	2.056146	9.830482	21.870250
19.3	9.822963	5.456215	15.279179	21.790393
19.4	6.754400	9.734827	16.489227	21.708485
19.5	2.908543	8.656511	11.565054	21.635398
19.6	3.900298	3.495984	7.396282	21.580894
19.7	8.556519	1.541299	10.097819	21.548961
19.8	10.294507	5.899169	16.193677	21.535314
19.9	6.331242	10.844330	17.175572	21.528056
20	1.859007	9.544358	11.403365	21.511290
20.1	3.047376	3.632370	6.679745	21.470455
20.2	8.402626	1.168865	9.571491	21.397578
20.3	10.630357	5.558361	16.188718	21.294699
20.4	6.657657	10.766539	17.424196	21.174378
20.5	1.944821	9.630411	11.575232	21.057133
20.6	2.966048	3.814049	6.780096	20.966564
20.7	8.215431	1.513071	9.728503	20.923531
20.8	10.289000	6.008438	16.297439	20.940925
20.9	6.228315	11.012082	17.240397	21.020284
21	1.718422	9.392026	11.110448	21.150973
21.1	3.197521	3.199404	6.396925	21.312025
21.2	8.799701	0.979576	9.779277	21.476154
21.3	10.795002	5.974171	16.769173	21.615112
21.4	6.258741	11.539510	17.798251	21.705328
21.5	1.210631	10.179696	11.390327	21.732770
21.6	2.440926	3.764269	6.205195	21.696055
21.7	8.262921	0.890286	9.153207	21.607090
21.8	10.891742	5.126670	16.018411	21.488956
21.9	7.079567	10.349299	17.428866	21.371227
22	2.351801	9.388653	11.740454	21.283604
22.1	3.200675	3.838687	7.039362	21.249211
22.2	8.206231	1.565593	9.771824	21.279233
22.3	10.265081	5.681889	15.946970	21.370393
22.4	6.551262	10.380470	16.931732	21.506149
22.5	2.301628	9.160468	11.462095	21.661494
22.6	3.399669	3.765890	7.165559	21.810124
22.7	8.286701	1.536140	9.822840	21.931906
22.8	10.328881	5.211414	15.540295	22.018343
22.9	7.023899	9.462199	16.486098	22.074219
23	3.165707	8.599892	11.765599	22.114810
23.1	3.906534	4.341163	8.247697	22.159523
23.2	7.731859	2.929175	10.661034	22.224098
23.3	9.021435	6.153201	15.174636	22.314146
23.4	6.140658	9.088027	15.228685	22.422428
23.5	3.505572	7.411969	10.917541	22.531039
23.6	5.009950	3.585352	8.595301	22.617915
23.7	8.450045	3.175113	11.625158	22.665415
23.8	8.814880	6.845046	15.659926	22.667869
23.9	5.498389	9.505397	15.003786	22.635111
24	3.081984	7.626630	10.708614	22.590402
24.1	4.757817	4.114519	8.872335	22.563080
24.2	7.925792	3.928625	11.854417	22.578290
24.3	8.118354	6.996617	15.114971	22.647365
24.4	5.378410	8.615659	13.994069	22.762388
24.5	3.918852	6.486895	10.405747	22.897170
24.6	5.810767	3.997688	9.808455	23.014664
24.7	8.027268	5.053465	13.080734	23.078527
24.8	7.073650	8.183546	15.257196	23.064997
24.9	4.273276	8.660205	12.933481	22.970994
25	3.862526	5.552224	9.414750	22.815580
25.1	6.662832	3.287852	9.950684	22.634204
25.2	8.690682	5.255855	13.946536	22.467675
25.3	6.911839	8.722413	15.634252	22.349641
25.4	3.795804	8.649637	12.445441	22.296888
25.5	3.867985	5.061328	8.929313	22.305695
25.6	7.093365	3.180667	10.274031	22.355273
25.7	8.774218	5.862076	14.636294	22.416722
25.8	6.362480	9.207599	15.570079	22.463986
25.9	3.379281	8.018163	11.397444	22.482620
26	4.486259	3.519390	8.005649	22.473154
26.1	8.545006	2.063260	10.608267	22.447976
26.2	9.824677	6.161346	15.986022	22.423278
26.3	6.092388	10.500113	16.592502	22.409525
26.4	2.172989	9.027789	11.200778	22.404572
26.5	3.525076	3.508844	7.033920	22.392513
26.6	8.530287	1.380236	9.910523	22.349095
26.7	10.459159	5.519763	15.978922	22.251832
26.8	6.719690	10.135942	16.855632	22.090939
26.9	2.551811	8.754732	11.306543	21.876611
27	3.799044	3.322816	7.121860	21.639317
27.1	8.693883	1.599528	10.293411	21.422310
27.2	10.230318	6.268240	16.498557	21.268485
27.3	6.000379	10.974489	16.974868	21.206033
27.4	1.755994	9.049342	10.805337	21.238043
27.5	3.515325	2.908910	6.424235	21.340064
27.6	9.077581	0.923328	10.000909	21.466917
27.7	10.868884	5.897457	16.766341	21.566781
27.8	6.358197	11.119396	17.477593	21.597904
27.9	1.621323	9.567607	11.188931	21.542227
28	3.011351	3.578859	6.590211	21.411163
28.1	8.418882	1.558160	9.977042	21.241461
28.2	10.247400	6.286107	16.533507	21.082566
28.3	5.982304	11.072224	17.054528	20.979856
28.4	1.667738	9.101340	10.769079	20.959604
28.5	3.459393	2.970478	6.429870	21.020886
28.6	9.004905	1.149859	10.154764	21.137150
28.7	10.643641	6.270329	16.913969	21.266722
28.8	5.997613	11.460584	17.458198	21.368323
28.9	1.287387	9.760959	11.048346	21.415960
29	2.820047	3.577093	6.397140	21.407796
29.1	8.429204	1.234329	9.663533	21.365888
29.2	10.576415	5.589118	16.165534	21.327004
29.3	6.653397	10.411016	17.064412	21.327964
29.4	2.279117	9.207915	11.487032	21.390942
29.5	3.339078	4.016877	7.355955	21.514145
29.6	8.022550	2.167675	10.190225	21.671319
29.7	9.714185	5.962373	15.676558	21.820332
29.8	6.311850	9.755009	16.066859	21.917834
29.9	2.892706	8.143885	11.036591	21.934803
30	4.339160	3.486045	7.825205	21.867490
30.1	8.542670	2.339472	10.882141	21.739927
30.2	9.586910	6.201701	15.788611	21.597119
30.3	6.102476	9.630948	15.733424	21.491265
30.4	2.988630	8.056534	11.045164	21.465717
30.5	4.385683	4.008446	8.394128	21.541993
30.6	8.038839	3.181534	11.220373	21.714019
30.7	8.815526	6.329752	15.145278	21.951128
30.8	6.008636	8.559637	14.568273	22.208395
30.9	4.001839	6.653027	10.654867	22.440503
31	5.696353	3.642695	9.339049	22.614413
31.1	8.382514	4.182874	12.565388	22.716870
31.2	7.884791	7.664559	15.549350	22.754830
31.3	4.749676	9.105110	13.854786	22.749495
31.4	3.454434	6.413192	9.867626	22.726729
31.5	5.880058	3.418898	9.298956	22.707639
31.6	8.583212	4.315786	12.898998	22.702605
31.7	7.788197	7.648812	15.437009	22.710447
31.8	4.793298	8.561513	13.354811	22.722315
31.9	3.957858	5.938355	9.896213	22.728129
32	6.289078	3.961473	10.250551	22.722619
32.1	8.043635	5.809450	13.853086	22.708421
32.2	6.382114	8.796774	15.178888	22.695063
32.3	3.721751	8.240771	11.962522	22.694444
32.4	4.252982	4.526078	8.779060	22.714813
32.5	7.603613	2.897348	10.500961	22.755874
32.6	9.051388	5.935667	14.987055	22.807124
32.7	6.296027	9.543914	15.839940	22.850255
32.8	3.045728	8.572736	11.618464	22.864866
32.9	3.930445	4.290486	8.220931	22.835429
33	7.787620	2.826454	10.614074	22.756994
33.1	9.093665	6.434719	15.528385	22.637566
33.2	5.839031	9.999546	15.838577	22.496311
33.3	2.648899	8.134623	10.783522	22.358192
33.4	4.361906	3.065422	7.427328	22.246884
33.5	8.940265	1.882191	10.822456	22.178287
33.6	9.982782	6.586435	16.569217	22.156651
33.7	5.711233	10.900200	16.611433	22.174345
33.8	1.819199	8.735630	10.554829	22.215022
33.9	3.799402	2.783453	6.582855	22.258876
34	9.197177	1.072082	10.269260	22.288140
34.1	10.745434	5.953115	16.698549	22.291135
34.2	6.324886	10.757236	17.082122	22.263854
34.3	1.972856	8.944434	10.917290	22.209025
34.4	3.602965	3.157467	6.760432	22.133409
34.5	8.826396	1.541652	10.368047	22.044552
34.6	10.285078	6.363556	16.648634	21.948178
34.7	5.935524	10.794608	16.730132	21.846992
34.8	1.947262	8.443390	10.390652	21.741035
34.9	4.085798	2.397588	6.483386	21.629223
35	9.549043	1.083609	10.632652	21.511332
35.1	10.719149	6.572397	17.291546	21.389700
35.2	5.733534	11.573003	17.306537	21.270090
35.3	1.195822	9.381173	10.576995	21.161464
35.4	3.175300	3.068451	6.243750	21.074711
35.5	8.895105	1.221310	10.116415	21.020587
35.6	10.582925	6.159069	16.741994	21.007240
35.7	6.128004	10.904994	17.032999	21.037786
35.8	1.830740	8.962069	10.792809	21.108479
35.9	3.571455	3.241363	6.812819	21.207989
36	8.731185	1.852352	10.583536	21.318305
36.1	9.983285	6.782347	16.765632	21.417460
36.2	5.525198	11.209736	16.734934	21.483908
36.3	1.520327	9.014118	10.534445	21.501761
36.4	3.509776	3.167683	6.677458	21.465642
36.5	8.815063	1.507921	10.322984	21.383637
36.6	10.340923	5.999220	16.340142	21.277054
36.7	6.286050	10.342742	16.628792	21.176445
36.8	2.332545	8.874203	11.206749	21.114414
36.9	3.622675	4.134153	7.756828	21.116899
37	7.896721	2.850340	10.747061	21.195375
37.1	9.084285	6.445012	15.529297	21.342473
37.2	5.871941	9.425820	15.297761	21.532751
37.3	3.190080	7.470727	10.660808	21.728842
37.4	4.943716	3.462329	8.406044	21.891498
37.5	8.555251	3.120120	11.675371	21.990656
37.6	8.873161	6.812056	15.685217	22.014097
37.7	5.550079	9.231238	14.781317	21.970888
37.8	3.358162	7.088098	10.446260	21.888355
37.9	5.273600	3.643026	8.916626	21.803448
38	8.379047	3.788915	12.167962	21.751263
38.1	8.268720	7.035144	15.303865	21.754491
38.2	5.364249	8.478302	13.842551	21.817298
38.3	4.062001	6.085697	10.147698	21.925644
38.4	6.194639	3.580739	9.775378	22.053796
38.5	8.429834	4.831815	13.261650	22.174601
38.6	7.301294	8.076264	15.377558	22.269717
38.7	4.393896	8.475551	12.869447	22.336039
38.8	4.048433	5.266368	9.314801	22.385922
38.9	6.940785	3.009848	9.950633	22.441119
39	8.966723	5.018413	13.985136	22.522729
39.1	7.152152	8.496622	15.648775	22.640999
39.2	4.014741	8.543210	12.557951	22.788988
39.3	3.960263	5.273578	9.233841	22.942746
39.4	6.883823	3.657900	10.541723	23.068252
39.5	8.324894	6.192006	14.516899	23.132842
39.6	6.054113	9.084263	15.138376	23.117048
39.7	3.483049	7.737454	11.220504	23.022503
39.8	4.722834	3.724278	8.447112	22.872844
39.9	8.328898	2.906799	11.235697	22.707051
40	9.026095	6.979958	16.006053	22.567379
40.1	5.323599	10.569405	15.893004	22.486034
40.2	2.092443	8.518815	10.611258	22.475269
40.3	3.970568	3.349895	7.320463	22.524347
40.4	8.653270	2.092808	10.746079	22.604375
40.5	9.786882	6.513708	16.300591	22.679136
40.6	5.792346	10.441013	16.233359	22.717930
40.7	2.252966	8.281138	10.534105	22.705710
40.8	4.209760	2.985189	7.194949	22.646912
40.9	8.982673	2.106904	11.089578	22.561781
41	9.753801	7.170710	16.924511	22.476827
41.1	5.168604	11.243067	16.411671	22.413310
41.2	1.505222	8.423030	9.928251	22.378333
41.3	4.084806	2.211579	6.296385	22.362096
41.4	9.720855	0.941478	10.662333	22.342472
41.5	10.870603	6.347144	17.217747	22.295096
41.6	5.971705	11.087183	17.058888	22.204990
41.7	1.671689	8.789664	10.461353	22.074942
41.8	3.738220	2.792668	6.530888	21.927010
41.9	9.156744	1.462929	10.619672	21.796073
42	10.363960	6.575672	16.939632	21.717420
42.1	5.752012	10.893499	16.645511	21.712815
42.2	1.857669	8.296356	10.154025	21.780287
42.3	4.208467	2.348438	6.556905	21.891799
42.4	9.581226	1.366868	10.948095	22.000215
42.5	10.459093	6.848560	17.307653	22.053639
42.6	5.491999	11.345133	16.837132	22.012442
42.7	1.418540	8.729474	10.148014	21.863125
42.8	3.784337	2.613621	6.397958	21.624117
42.9	9.325542	1.319925	10.645467	21.341276
43	10.508494	6.467294	16.975787	21.074406
43.1	5.853860	10.933810	16.787670	20.879212
43.2	1.795519	8.799145	10.594664	20.790700
43.3	3.700870	3.357848	7.058719	20.813502
43.4	8.612170	2.272871	10.885041	20.922216
43.5	9.604830	6.898657	16.503487	21.071356
43.6	5.436984	10.627712	16.064696	21.211257
43.7	2.067088	8.257673	10.324761	21.304329
43.8	4.204690	3.132239	7.336929	21.336128
43.9	8.843268	2.294299	11.137567	21.317705
44	9.614748	6.729308	16.344056	21.278864
44.1	5.606346	10.281390	15.887736	21.255193
44.2	2.370317	8.356794	10.727111	21.273796
44.3	4.080457	4.017901	8.098358	21.342942
44.4	8.004572	3.255753	11.260326	21.449253
44.5	8.733941	6.583354	15.317295	21.563174
44.6	5.768729	8.803846	14.572574	21.650506
44.7	3.765639	6.772426	10.538065	21.685599
44.8	5.567725	3.762980	9.330705	21.661372
44.9	8.255049	4.400474	12.655523	21.592558
45	7.678365	7.816493	15.494858	21.511121
45.1	4.613155	8.970904	13.584059	21.455567
45.2	3.584980	6.047478	9.632458	21.458025
45.3	6.226592	3.099742	9.326335	21.533588
45.4	8.893512	4.173579	13.067091	21.675519
45.5	7.942093	7.518185	15.460278	21.857717
45.6	4.936865	8.256367	13.193232	22.043346
45.7	4.258388	5.522268	9.780656	22.196456
45.8	6.691960	3.622728	10.314688	22.292629
45.9	8.380987	5.571593	13.952580	22.325261
46	6.629369	8.531652	15.161021	22.305821
46.1	3.987566	7.941951	11.929517	22.258554
46.2	4.539933	4.359563	8.899496	22.211950
46.3	7.766923	2.900297	10.667220	22.190083
46.4	9.065925	5.853159	14.919084	22.206667
46.5	6.394053	9.159347	15.553401	22.263337
46.6	3.415814	8.104108	11.519923	22.352035
46.7	4.367653	4.191410	8.559064	22.459898
46.8	7.882619	3.147295	11.029914	22.574412
46.9	8.808717	6.651936	15.460653	22.686819
47	5.651271	9.694725	15.345996	22.792756
47.1	2.929369	7.673036	10.602406	22.890413
47.2	4.768314	3.249228	8.017542	22.977496
47.3	8.743820	2.883231	11.627051	23.048736
47.4	9.038470	7.567757	16.606226	23.095311
47.5	4.791086	10.970130	15.761216	23.106655
47.6	1.735817	8.096314	9.832131	23.074070
47.7	4.363119	2.540809	6.903928	22.994724
47.8	9.396664	1.854691	11.251354	22.874401
47.9	10.008318	7.095984	17.104301	22.727800
48	5.258756	11.140312	16.399068	22.576025
48.1	1.599681	8.421187	10.020869	22.441934
48.2	4.058422	2.713622	6.772044	22.344718
48.3	9.214609	1.989137	11.203745	22.295356
48.4	9.865263	7.304349	17.169612	22.294206
48.5	5.065367	11.202909	16.268276	22.331343
48.6	1.557916	8.038863	9.596779	22.389353
48.7	4.436544	1.954636	6.391180	22.447657
48.8	9.943221	1.308246	11.251467	22.487141
48.9	10.518107	7.126045	17.644152	22.493951
49	5.240817	11.576630	16.817448	22.461716
49.1	1.203881	8.666180	9.870061	22.391967
49.2	3.836119	2.416925	6.253044	22.292964
49.3	9.503086	1.260829	10.763915	22.177394
49.4	10.572838	6.463168	17.036006	22.059518
49.5	5.885982	10.578811	16.464793	21.952270
49.6	2.162724	7.928441	10.091165	21.864799
49.7	4.540710	2.437975	6.978685	21.800834
49.8	9.483831	2.013992	11.497824	21.758211
49.9	9.854336	7.429563	17.283899	21.729730
50	4.954327	11.229597	16.183924	21.705299
50.1	1.521714	8.097236	9.618951	21.674930
50.2	4.364942	2.214436	6.579378	21.631829
50.3	9.702804	1.476295	11.179099	21.574640
50.4	10.385447	6.704941	17.090389	21.507960
50.5	5.651865	10.742050	16.393915	21.440757
50.6	1.971641	8.400575	10.372216	21.382963
50.7	4.057380	3.350208	7.407588	21.341329
50.8	8.618667	2.665050	11.283717	21.316038
50.9	9.260330	7.005159	16.265488	21.299573
51	5.357220	10.075157	15.432376	21.278680
51.1	2.577069	7.672174	10.249243	21.239196
51.2	4.728748	3.399958	8.128706	21.172310
51.3	8.582690	3.298715	11.881405	21.080053
51.4	8.687352	7.343661	16.031014	20.977716
51.5	5.042851	9.767077	14.809928	20.891708
51.6	2.841415	7.345753	10.187168	20.852843
51.7	5.008440	3.721661	8.730101	20.886773
51.8	8.284442	3.918324	12.202766	21.004521
51.9	8.138011	7.242895	15.380906	21.196457
52	5.164419	8.658834	13.823253	21.432223
52.1	3.880114	6.258354	10.138468	21.667287
52.2	6.013382	3.861567	9.874949	21.854606
52.3	8.152028	5.169831	13.321859	21.957986
52.4	6.979909	8.230686	15.210594	21.962909
52.5	4.247045	8.340925	12.587969	21.881196
52.6	4.167813	5.065612	9.233425	21.747742
52.7	7.122559	3.016847	10.139406	21.610190
52.8	8.963775	5.173567	14.137342	21.514727
52.9	7.019276	8.477607	15.496883	21.492607
53	4.043583	8.206502	12.250085	21.551763
53.1	4.282018	4.832142	9.114160	21.676180
53.2	7.309000	3.345957	10.654957	21.833024
53.3	8.642382	5.935287	14.577668	21.984873
53.4	6.325290	8.683641	15.008931	22.102653
53.5	3.878559	7.271658	11.150217	22.174741
53.6	5.167083	3.499294	8.666377	22.209146
53.7	8.550531	2.961234	11.511765	22.228272
53.8	8.999269	6.912288	15.911557	22.258495
53.9	5.413241	10.070875	15.484116	22.318653
54	2.569273	7.913826	10.483099	22.411939
54.1	4.531637	3.273261	7.804897	22.524291
54.2	8.725198	2.600645	11.325843	22.629933
54.3	9.330042	6.857712	16.187754	22.701893
54.4	5.493074	9.976891	15.469965	22.723426
54.5	2.691136	7.398284	10.089420	22.695824
54.6	5.020284	2.741074	7.761358	22.639402
54.7	9.199024	2.900915	12.099939	22.587034
54.8	9.016893	8.164744	17.181638	22.572404
54.9	4.247350	11.375537	15.622887	22.617262
55	1.367627	7.770905	9.138532	22.722445
55.1	4.658759	1.915619	6.574378	22.866137
55.2	9.965808	1.745106	11.710915	23.010235
55.3	10.109271	7.633310	17.742581	23.112704
55.4	4.766886	11.667458	16.434344	23.141561
55.5	1.108881	8.402997	9.511878	23.085493
55.6	4.061448	2.357401	6.418849	22.957290
55.7	9.535247	1.807451	11.342698	22.788904
55.8	10.041978	7.381006	17.422984	22.619997
55.9	5.011163	11.229014	16.240177	22.484236
56	1.537124	7.943052	9.480176	22.398367
56.1	4.508462	2.073451	6.581913	22.358037
56.2	9.812038	1.806129	11.618167	22.341766
56.3	10.048833	7.581032	17.629865	22.321378
56.4	4.822865	11.454462	16.277327	22.274749
56.5	1.319141	8.073063	9.392204	22.195837
56.6	4.382598	2.034035	6.416633	22.097991
56.7	9.858421	1.492960	11.351381	22.009076
56.8	10.364898	6.965347	17.330245	21.960132
56.9	5.422003	10.797531	16.219535	21.971817
57	1.944304	7.848949	9.793253	22.043892
57.1	4.591295	2.463250	7.054544	22.152031
57.2	9.453487	2.209100	11.662587	22.253625
57.3	9.691985	7.326996	17.018981	22.300963
57.4	5.076620	10.560325	15.636945	22.257358
57.5	2.156400	7.375417	9.531817	22.110586
57.6	5.033853	2.208700	7.242553	21.878738
57.7	9.707576	2.195468	11.903044	21.606180
57.8	9.722774	7.324801	17.047576	21.350705
57.9	5.073686	10.653505	15.727191	21.166031
58	2.034935	7.961711	9.996646	21.085448
58.1	4.445579	3.286177	7.731756	21.112003
58.2	8.683501	2.961870	11.645371	21.218417
58.3	9.016436	6.905554	15.921990	21.356562
58.4	5.481095	9.244141	14.725236	21.473179
58.5	3.356183	6.873711	10.229894	21.526489
58.6	5.459824	3.610014	9.069838	21.498270
58.7	8.382154	4.369178	12.751332	21.397686
58.8	7.698948	8.074143	15.773091	21.256120
58.9	4.364651	9.393633	13.758283	21.115294
59	3.171608	6.494633	9.666241	21.013100
59.1	5.780453	3.542945	9.323398	20.972054
59.2	8.453030	4.564945	13.017974	20.994038
59.3	7.558681	7.745510	15.304192	21.062586
59.4	4.709561	8.327105	13.036666	21.151234
59.5	4.173364	5.645886	9.819250	21.234442
59.6	6.557143	3.957234	10.514377	21.296968
59.7	8.057086	5.958979	14.016064	21.338401
59.8	6.263496	8.660697	14.924192	21.371565
59.9	3.861233	7.776633	11.637866	21.415833
60	4.682790	4.227157	8.909947	21.488150
60.1	7.880772	3.069823	10.950595	21.595285
60.2	8.906837	6.174026	15.080863	21.730141
60.3	6.097814	9.274879	15.372694	21.873366
60.4	3.305524	7.934216	11.239741	21.999502
60.5	4.519973	3.982553	8.502526	22.085341
60.6	8.082008	3.032006	11.114014	22.117504
60.7	8.939316	6.414375	15.353691	22.096688
60.8	5.902767	9.146323	15.049090	22.037348
60.9	3.460025	7.079215	10.539240	21.963222
61	5.330033	3.070138	8.400171	21.900441
61.1	8.924484	3.083731	12.008215	21.870623
61.2	8.881271	7.514963	16.396235	21.886060
61.3	4.874163	10.233395	15.107558	21.948179
61.4	2.441555	7.138443	9.579998	22.049194
61.5	5.259660	2.255945	7.515606	22.175845
61.6	9.669051	2.416693	12.085744	22.313608
61.7	9.505426	7.637764	17.143190	22.449935
61.8	4.775673	10.808202	15.583875	22.575743
61.9	1.912555	7.499843	9.412398	22.685204
62	4.904080	2.306741	7.210821	22.774562
62.1	9.587025	2.596474	12.183500	22.840947
62.2	9.311439	8.144763	17.456203	22.881938
62.3	4.297968	11.213681	15.511649	22.896117
62.4	1.543730	7.271220	8.814949	22.884266
62.5	5.127525	1.526218	6.653743	22.850510
62.6	10.320828	1.960787	12.281615	22.802664
62.7	9.905460	8.280554	18.186014	22.751383
62.8	4.163147	12.112961	16.276109	22.708184
62.9	0.682010	8.367599	9.049609	22.682856
63	4.073188	2.172293	6.245482	22.681035
63.1	9.696526	1.814777	11.511303	22.702634
63.2	10.045723	7.430678	17.476401	22.741563
63.3	4.983530	11.017051	16.000581	22.786739
63.4	1.738961	7.623097	9.362059	22.824118
63.5	4.793976	2.138993	6.932969	22.839237
63.6	9.739316	2.351337	12.090653	22.819837
63.7	9.541824	8.047632	17.589456	22.758175
63.8	4.391895	11.327139	15.719034	22.652764
63.9	1.430307	7.587331	9.017638	22.509343
64	4.821327	1.871061	6.692388	22.340802
64.1	10.007462	1.857061	11.864523	22.165845
64.2	10.036702	7.342150	17.378852	22.006257
64.3	5.076920	10.730764	15.807684	21.882955
64.4	1.992658	7.599739	9.592396	21.811450
64.5	4.802102	2.576310	7.378413	21.797746
64.6	9.344415	2.620194	11.964610	21.835927
64.7	9.327151	7.371966	16.699118	21.908474
64.8	5.051718	9.961597	15.013315	21.989715
64.9	2.710438	6.788286	9.498725	22.051867
65	5.566043	2.425401	7.991445	22.072160
65.1	9.503932	3.016752	12.520684	22.038973
65.2	8.973160	7.705218	16.678378	21.954952
65.3	4.731614	10.037147	14.768760	21.835873
65.4	2.604345	7.032525	9.636870	21.705384
65.5	5.303578	3.080619	8.384197	21.587170
65.6	8.886474	3.523619	12.410093	21.497126
65.7	8.518660	7.314049	15.832709	21.438294
65.8	5.110181	8.956454	14.066635	21.400500
65.9	3.602510	6.481463	10.083972	21.365025
66	5.795150	3.923464	9.718614	21.312807
66.1	8.086583	5.117551	13.204134	21.233226
66.2	7.028811	8.123841	15.152652	21.130134
66.3	4.346472	8.300369	12.646841	21.022573
66.4	4.195814	5.276249	9.472063	20.939454
66.5	6.908686	3.518077	10.426764	20.909684
66.6	8.479134	5.717250	14.196384	20.951088
66.7	6.495894	8.768463	15.264357	21.062157
66.8	3.750208	8.283587	12.033795	21.219928
66.9	4.181162	5.039796	9.220958	21.385323
67	7.088958	3.860246	10.949204	21.514627
67.1	8.146849	6.481943	14.628792	21.573516
67.2	5.805003	8.881048	14.686051	21.548900
67.3	3.678866	7.153395	10.832260	21.454370
67.4	5.257300	3.469792	8.727092	21.327070
67.5	8.566156	3.220077	11.786233	21.216697
67.6	8.760760	7.167936	15.928697	21.170084
67.7	5.181619	9.981223	15.162842	21.216431
67.8	2.648798	7.627581	10.276379	21.358103
67.9	4.785912	3.248116	8.034028	21.570087
68	8.744873	2.908533	11.653407	21.808226
68.1	9.056697	6.997630	16.054327	22.023370
68.2	5.380856	9.554449	14.935305	22.176571
68.3	3.090833	6.748598	9.839431	22.250204
68.4	5.623395	2.535355	8.158751	22.251395
68.5	9.401118	3.182204	12.583322	22.206989
68.6	8.787697	8.174291	16.961988	22.152263
68.7	4.277517	10.545737	14.823254	22.117765
68.8	2.163765	6.602885	8.766651	22.119174
68.9	5.754478	1.463812	7.218290	22.153753
69	10.399718	2.264087	12.663806	22.204375
69.1	9.655115	8.174175	17.829290	22.249170
69.2	4.292895	11.257242	15.550137	22.272723
69.3	1.499936	7.324316	8.824252	22.274200
69.4	5.057053	1.821730	6.878783	22.269008
69.5	10.031107	2.393804	12.424911	22.283203
69.6	9.511688	8.271708	17.783396	22.342694
69.7	4.200160	11.262136	15.462296	22.461456
69.8	1.504299	7.112567	8.616867	22.633465
69.9	5.260891	1.515694	6.776585	22.831785
70	10.315678	2.312324	12.628002	23.015578
70.1	9.580530	8.603926	18.184455	23.142846
70.2	3.876552	11.878976	15.755528	23.184410
70.3	0.909745	7.672669	8.582413	23.134083
70.4	4.722245	1.686856	6.409101	23.011219
70.5	10.153808	1.954928	12.108736	22.854561
70.6	9.926343	7.904679	17.831021	22.709423
70.7	4.543046	11.340958	15.884004	22.612712
70.8	1.414408	7.793631	9.208039	22.581084
70.9	4.600598	2.465947	7.066545	22.606399
71	9.416717	2.757627	12.174344	22.660018
71.1	9.173082	7.993141	17.166223	22.704235
71.2	4.462531	10.595092	15.057623	22.706601
71.3	2.120412	6.801852	8.922264	22.651835
71.4	5.549899	1.863166	7.413065	22.547006
71.5	10.015370	2.624373	12.639743	22.418148
71.6	9.327925	8.030863	17.358788	22.299680
71.7	4.430231	10.724453	15.154684	22.220667
71.8	1.973842	7.252968	9.226809	22.193140
71.9	5.099344	2.599040	7.698385	22.206902
72	9.322013	3.008532	12.330545	22.232878
72.1	8.987669	7.428776	16.416445	22.233880
72.2	5.016259	9.390079	14.406338	22.178903
72.3	3.235922	6.259383	9.495306	22.055721
72.4	6.041070	2.712954	8.754024	21.877081
72.5	9.233985	3.855850	13.089835	21.678088
72.6	8.207382	8.029170	16.236552	21.505449
72.7	4.440253	9.375951	13.816204	21.402194
72.8	3.211146	6.178179	9.389325	21.393080
72.9	6.087709	3.052424	9.140133	21.475657
73	8.922862	4.203953	13.126815	21.620074
73.1	7.912592	7.629103	15.541694	21.777664
73.2	4.831907	8.375597	13.207504	21.895444
73.3	4.130489	5.770185	9.900675	21.931760
73.4	6.436869	4.085531	10.522400	21.868048
73.5	7.936936	5.968537	13.905474	21.713189
73.6	6.259037	8.485718	14.744755	21.499450
73.7	4.024654	7.595303	11.619956	21.271845
73.8	4.842773	4.350774	9.193547	21.074667
73.9	7.753402	3.546066	11.299467	20.939653
74	8.455018	6.642750	15.097768	20.879250
74.1	5.653543	9.382096	15.035639	20.886525
74.2	3.189275	7.814707	11.003982	20.940908
74.3	4.606198	4.120081	8.726279	21.017124
74.4	7.931178	3.617487	11.548665	21.093928
74.5	8.380104	7.065662	15.445767	21.159762
74.6	5.282653	9.411948	14.694602	21.213882
74.7	3.187842	7.053186	10.241028	21.263278
74.8	5.321817	3.244342	8.566159	21.317213
74.9	8.738882	3.618923	12.357805	21.381792
75	8.376772	7.966656	16.343428	21.456706
75.1	4.453100	10.161942	14.615042	21.535187
75.2	2.498326	6.758667	9.256993	21.606883
75.3	5.597853	2.167167	7.765021	21.662258
75.4	9.748802	2.745862	12.494664	21.696677
75.5	9.215129	7.824222	17.039352	21.712578
75.6	4.620483	10.407621	15.028104	21.719016
75.7	2.286719	6.900910	9.187629	21.728867
75.8	5.450224	2.269651	7.719875	21.754803
75.9	9.621224	3.150916	12.772140	21.805478
76	8.818220	8.395706	17.213926	21.883164
76.1	4.095275	10.466346	14.561621	21.983400
76.2	2.256691	6.036132	8.292823	22.096521
76.3	6.282149	0.977913	7.260062	22.210332
76.4	10.845303	2.441977	13.287280	22.312987
76.5	9.491715	8.804347	18.296063	22.395268
76.6	3.713812	11.594746	15.308558	22.451868
76.7	1.184610	7.038546	8.223157	22.481677
76.8	5.313697	1.327404	6.641101	22.487387
76.9	10.490837	2.195851	12.686687	22.474758
77	9.713620	8.326569	18.040189	22.451772
77.1	4.170471	11.217387	15.387858	22.427726
77.2	1.550615	6.944540	8.495156	22.412164
77.3	5.405455	1.552310	6.957765	22.413618
77.4	10.272689	2.635806	12.908495	22.438242
77.5	9.285073	8.808701	18.093774	22.488627
77.6	3.695737	11.624619	15.320356	22.563154
77.7	1.145787	7.227776	8.373563	22.656173
77.8	5.128824	1.604002	6.732826	22.759002
77.9	10.232638	2.290544	12.523181	22.861485
78	9.627870	8.124126	17.751996	22.953588
78.1	4.348180	11.092813	15.440994	23.026543
78.2	1.637142	7.444902	9.082044	23.073282
78.3	4.909723	2.583842	7.493565	23.088279
78.4	9.304639	3.254054	12.558693	23.067271
78.5	8.723010	8.200910	16.923920	23.007429
78.6	4.274506	10.236264	14.510770	22.908346
78.7	2.438625	6.467454	8.906079	22.773712
78.8	5.836777	2.235671	8.072448	22.613010
78.9	9.658542	3.467653	13.126195	22.442179
79	8.549758	8.396265	16.946023	22.282297
79.1	4.094966	10.174932	14.269897	22.155896
79.2	2.477825	6.450424	8.928249	22.081438
79.3	5.841075	2.429252	8.270327	22.067443
79.4	9.494537	3.441088	12.935625	22.108284
79.5	8.609437	7.687976	16.297413	22.183524
79.6	4.778893	9.164524	13.943417	22.261746
79.7	3.416959	6.185362	9.602321	22.308357
79.8	6.072850	3.383258	9.456109	22.295369
79.9	8.598097	4.754877	13.352974	22.210160
80	7.386912	8.015746	15.402658	22.060210
80.1	4.471521	8.203527	12.675048	21.871884
80.2	4.306026	4.988241	9.294267	21.683186
80.3	7.195258	3.051834	10.247092	21.532495
80.4	8.937415	5.192984	14.130399	21.446797
80.5	7.012381	8.313424	15.325805	21.433317
80.6	4.196132	8.039217	12.235349	21.477489
80.7	4.419699	5.085513	9.505211	21.548096
80.8	7.052821	4.044657	11.097478	21.607988
80.9	7.984736	6.476503	14.461238	21.626746
81	5.819565	8.560400	14.379966	21.590896
81.1	3.977425	6.847590	10.825015	21.508027
81.2	5.531742	3.634830	9.166571	21.403303
81.3	8.402031	3.834744	12.236775	21.309545
81.4	8.184658	7.664782	15.849440	21.254457
81.5	4.715588	9.911993	14.627580	21.249683
81.6	2.700618	7.248873	9.949492	21.285814
81.7	5.119241	3.222527	8.341769	21.335414
81.8	8.754773	3.466287	12.221060	21.363169
81.9	8.531732	7.664752	16.196484	21.339647
82	4.749147	9.816899	14.566047	21.253681
82.1	2.818939	6.738621	9.557559	21.118700
82.2	5.596096	2.785923	8.382018	20.970437
82.3	9.142535	3.805316	12.947852	20.856421
82.4	8.200234	8.656722	16.856956	20.820684
82.5	3.822837	10.492971	14.315808	20.888883
82.6	2.192172	6.370754	8.562926	21.059041
82.7	5.941176	1.704074	7.645250	21.301193
82.8	10.160642	2.949300	13.109942	21.566183
82.9	9.024663	8.507482	17.532144	21.800645
83	3.995846	10.720494	14.716340	21.963088
83.1	1.998815	6.476648	8.475464	22.035664
83.2	5.835774	1.665378	7.501152	22.027789
83.3	10.178969	3.045521	13.224489	21.970702
83.4	8.928704	8.727645	17.656348	21.905246
83.5	3.802749	10.673791	14.476540	21.867465
83.6	2.061303	5.941819	8.003121	21.877182
83.7	6.346813	0.999636	7.346449	21.933443
83.8	10.802778	2.870369	13.673147	22.018024
83.9	9.089195	9.260751	18.349946	22.105160
84	3.298222	11.488011	14.786233	22.173362
84.1	1.291367	6.368536	7.659903	22.214597
84.2	5.942552	0.693416	6.635969	22.237202
84.3	11.095701	2.031025	13.126726	22.261532
84.4	9.891284	8.460928	18.352212	22.310181
84.5	4.059722	11.316439	15.376161	22.396845
84.6	1.447437	7.057380	8.504818	22.518436
84.7	5.275660	1.901985	7.177645	22.653887
84.8	9.935689	3.022317	12.958006	22.770460
84.9	8.937497	8.670201	17.607698	22.835467
85	3.844403	10.830127	14.674529	22.829080
85.1	1.893967	6.464135	8.358102	22.753332
85.2	5.839336	1.646882	7.486217	22.633658
85.3	10.197071	3.031217	13.228288	22.511978
85.4	8.947104	8.688280	17.635384	22.433468
85.5	3.820170	10.948818	14.768988	22.431488
85.6	1.751245	7.016942	8.768187	22.515988
85.7	5.290446	2.550918	7.841363	22.669506
85.8	9.342105	3.554497	12.896603	22.852293
85.9	8.468944	8.175912	16.644857	23.014844
86	4.312992	9.702896	14.015888	23.113541
86.1	2.923492	6.130195	9.053687	23.124027
86.2	6.128342	2.747316	8.875658	23.047810
86.3	9.174294	4.420245	13.594539	22.909994
86.4	7.669562	8.736583	16.406145	22.749239
86.5	3.776870	9.583371	13.360241	22.603702
86.6	3.009267	5.801397	8.810664	22.498067
86.7	6.427081	2.636920	9.064001	22.436204
86.8	9.306109	4.226968	13.533078	22.401869
86.9	7.898333	7.970042	15.868375	22.366885
87	4.523645	8.555313	13.078958	22.303549
87.1	3.967495	5.533538	9.501033	22.196585
87.2	6.662056	3.593188	10.255244	22.050191
87.3	8.409653	5.514894	13.924547	21.887626
87.4	6.703277	8.223233	14.926510	21.743500
87.5	4.287290	7.527100	11.814390	21.651576
87.6	4.916045	4.392160	9.308205	21.632442
87.7	7.724414	3.501984	11.226398	21.685444
87.8	8.514711	6.283784	14.798496	21.787686
87.9	6.012745	8.715927	14.728673	21.900449
88	3.830814	7.210480	11.041294	21.980829
88.1	5.184332	3.957020	9.141353	21.994694
88.2	8.101181	3.787047	11.888228	21.926754
88.3	8.247405	7.028654	15.276059	21.784628
88.4	5.340165	8.875974	14.216139	21.595909
88.5	3.696027	6.430246	10.126273	21.399494
88.6	5.898877	3.203626	9.102502	21.234215
88.7	8.774579	4.229617	13.004196	21.128393
88.8	7.811660	8.561579	16.373239	21.093336
88.9	3.897743	10.163209	14.060952	21.122293
89	2.480603	6.403090	8.883693	21.194517
89.1	5.905050	2.155679	8.060729	21.282564
89.2	9.746225	3.283895	13.030120	21.360246
89.3	8.715061	8.365544	17.080605	21.408850
89.4	4.113888	10.452627	14.566515	21.420157
89.5	2.222772	6.722934	8.945706	21.396094
89.6	5.582547	2.523967	8.106515	21.345887
89.7	9.362223	3.899932	13.262155	21.282199
89.8	8.116421	8.956785	17.073206	21.217679
89.9	3.567434	10.365215	13.932649	21.162809
90	2.325543	5.745324	8.070867	21.125233
90.1	6.515389	1.327354	7.842743	21.110129
90.2	10.495378	3.428233	13.923610	21.120925
90.3	8.571562	9.462311	18.033873	21.159738
90.4	3.104334	11.223802	14.328136	21.227293
90.5	1.518585	6.182254	7.700838	21.322422
90.6	6.091575	1.127225	7.218800	21.441551
90.7	10.673964	2.896780	13.570745	21.578536
90.8	9.081965	8.918936	18.000902	21.725081
90.9	3.643801	10.746881	14.390683	21.871650
91	1.995306	5.789699	7.785005	22.008633
91.1	6.474491	0.963685	7.438176	22.127452
91.2	10.826791	3.116406	13.943197	22.221402
91.3	8.866132	9.460448	18.326580	22.286235
91.4	3.121400	11.318475	14.439876	22.320574
91.5	1.445353	6.057034	7.502386	22.326283
91.6	6.219620	0.733464	6.953083	22.308742
91.7	11.053796	2.444720	13.498516	22.276816
91.8	9.514884	8.708492	18.223375	22.242186
91.9	3.837353	11.034543	14.871896	22.217806
92	1.706806	6.569587	8.276393	22.215548
92.1	5.726415	1.740235	7.466649	22.243488
92.2	10.100240	3.148062	13.248302	22.303632
92.3	8.848532	8.561992	17.410524	22.390926
92.4	3.963244	10.346229	14.309473	22.494140
92.5	2.337407	6.192712	8.530119	22.598601
92.6	6.072881	2.126786	8.199667	22.690075
92.7	9.742113	3.887916	13.630029	22.758575
92.8	8.155291	8.974377	17.129668	22.800769
92.9	3.556635	10.337132	13.893767	22.820089
93	2.312811	6.236738	8.549549	22.824452
93.1	6.013730	2.431979	8.445709	22.822448
93.2	9.470501	3.968223	13.438723	22.819513
93.3	8.110598	8.329801	16.440399	22.815692
93.4	4.176148	9.354282	13.530431	22.806044
93.5	3.223989	5.969338	9.193327	22.783672
93.6	6.247794	3.359335	9.607129	22.744203
93.7	8.596935	5.290755	13.887689	22.689767
93.8	6.872855	8.794869	15.667724	22.630512
93.9	3.731866	8.645694	12.377560	22.582466
94	3.874112	4.934846	8.808958	22.562016
94.1	7.224037	2.858438	10.082475	22.578739
94.2	9.105858	5.231043	14.336901	22.629293
94.3	6.974943	8.583806	15.558749	22.695088
94.4	3.943018	8.289015	12.232033	22.745358
94.5	4.182544	5.117727	9.300271	22.745396
94.6	7.022800	3.817820	10.840620	22.667695
94.7	8.208269	6.044872	14.253141	22.502375
94.8	6.241495	8.081439	14.322934	22.263101
94.9	4.439420	6.577314	11.016734	21.985914
95	5.792423	3.706210	9.498633	21.720648
95.1	8.346468	4.004630	12.351098	21.517215
95.2	8.045954	7.475123	15.521077	21.410947
95.3	4.914437	9.236405	14.150842	21.411801
95.4	3.345336	6.545147	9.890483	21.501154
95.5	5.785527	3.036010	8.821537	21.637482
95.6	8.945942	3.724092	12.670034	21.769256
95.7	8.318694	7.712859	16.031553	21.850859
95.8	4.729131	9.249249	13.978380	21.856269
95.9	3.358879	5.961694	9.320573	21.785939
96	6.323315	2.523134	8.846449	21.664647
96.1	9.398835	4.150531	13.549366	21.531233
96.2	7.900540	8.950007	16.850547	21.423959
96.3	3.564992	10.222360	13.787352	21.366770
96.4	2.438389	5.891383	8.329772	21.361323
96.5	6.368331	1.771956	8.140287	21.387598
96.6	10.084612	3.680355	13.764966	21.412693
96.7	8.342464	9.192269	17.534734	21.404479
96.8	3.351486	10.772193	14.123680	21.344964
96.9	1.924917	6.214081	8.138998	21.238341
97	6.046463	1.835520	7.881984	21.110636
97.1	10.002229	3.741498	13.743727	21.000967
97.2	8.282390	9.233667	17.516057	20.947540
97.3	3.331381	10.495927	13.827308	20.973470
97.4	2.204484	5.587809	7.792293	21.077646
97.5	6.639915	1.348678	7.988593	21.234075
97.6	10.452768	3.927118	14.379885	21.400063
97.7	8.100669	10.029634	18.130302	21.530421
97.8	2.579437	11.244235	13.823672	21.592688
97.9	1.497744	5.660898	7.158642	21.578006
98	6.570743	0.677679	7.248421	21.503848
98.1	11.094824	2.944574	14.039399	21.407752
98.2	9.049555	9.254214	18.303769	21.334393
98.3	3.335955	10.976080	14.312035	21.320664
98.4	1.765004	5.916750	7.681754	21.384025
98.5	6.329681	1.226241	7.555921	21.518063
98.6	10.570826	3.408055	13.978881	21.696478
98.7	8.605778	9.333327	17.939106	21.883643
98.8	3.257155	10.662175	13.919329	22.047544
98.9	2.063362	5.437618	7.500980	22.170222
99	6.796301	0.773417	7.569718	22.251970
99.1	11.021838	3.027618	14.049457	22.308058
99.2	8.980093	9.135743	18.115835	22.359657
99.3	3.434119	10.952729	14.386848	22.422878
99.4	1.760764	6.370986	8.131749	22.500468
99.5	5.893259	1.873965	7.767224	22.579627
99.6	9.983577	3.366417	13.349994	22.636943
99.7	8.672924	8.258110	16.931035	22.648589
99.8	4.266413	9.545825	13.812239	22.601779
99.9	3.081519	5.717086	8.798605	22.502843
100	6.508672	2.546546	9.055218	22.378459
100.1	9.358832	4.664345	14.023178	22.269039
100.2	7.450321	9.067755	16.518076	22.216273
100.3	3.475774	9.569050	13.044824	22.249055
100.4	3.015007	5.567184	8.582191	22.372805
100.5	6.624555	2.715430	9.339985	22.566111
100.6	9.212658	4.834471	14.047129	22.786131
100.7	7.318513	8.702201	16.020713	22.981126
100.8	3.826951	8.890879	12.717829	23.106014
100.9	3.633029	5.449934	9.082963	23.135766
101	6.716409	3.515549	10.231958	23.072245
101.1	8.466501	5.753845	14.220345	22.942341
101.2	6.472588	8.667135	15.139723	22.788266
101.3	3.862714	7.893802	11.756517	22.653467
101.4	4.555039	4.589513	9.144553	22.569002
101.5	7.519235	3.637994	11.157228	22.544839
101.6	8.372506	6.453370	14.825876	22.568709
101.7	5.842925	8.930622	14.773547	22.612408
101.8	3.615651	7.475750	11.091401	22.642945
101.9	4.920297	4.242814	9.163111	22.634408
102	7.826794	3.917701	11.744494	22.576406
102.1	8.131330	6.796246	14.927576	22.476413
102.2	5.567599	8.366371	13.933971	22.355595
102.3	4.176430	6.075831	10.252261	22.240031
102.4	6.232016	3.308157	9.540173	22.150716
102.5	8.689429	4.500637	13.190066	22.095984
102.6	7.583735	8.370112	15.953847	22.068916
102.7	4.100846	9.348396	13.449242	22.050418
102.8	3.253264	5.587075	8.840339	22.016634
102.9	6.673245	2.034941	8.708186	21.947925
103	9.875745	3.725201	13.600946	21.836275
103.1	8.331988	8.517558	16.849546	21.688671
103.2	3.996263	9.815334	13.811597	21.525496
103.3	2.825171	5.805829	8.631000	21.374674
103.4	6.440026	2.195446	8.635472	21.263613
103.5	9.684128	4.257638	13.941766	21.211516
103.6	7.812488	9.221360	17.033848	21.224319
103.7	3.343536	9.946710	13.290247	21.293473
103.8	2.716468	5.042858	7.759325	21.398554
103.9	7.160179	1.176543	8.336722	21.512582
104	10.637296	3.959565	14.596861	21.608372
104.1	8.090777	9.946986	18.037762	21.664214
104.2	2.657431	11.117195	13.774625	21.667688
104.3	1.596370	5.899811	7.496181	21.617101
104.4	6.320001	1.444606	7.764607	21.520709
104.5	10.357255	3.797739	14.154994	21.394301
104.6	8.240953	9.534632	17.775585	21.257878
104.7	3.065565	10.540351	13.605916	21.132087
104.8	2.160750	5.361579	7.522328	21.034943
104.9	6.834808	1.294785	8.129592	20.979195
105	10.495369	4.203278	14.698647	20.970663
105.1	7.853719	10.216983	18.070702	21.007755
105.2	2.418301	10.971519	13.389819	21.082292
105.3	1.750621	5.220210	6.970830	21.181550
105.4	6.968513	0.690907	7.659419	21.291110
105.5	11.073985	3.521568	14.595553	21.397901
105.6	8.511048	9.836537	18.347585	21.492636
105.7	2.786628	11.079614	13.866242	21.571028
105.8	1.649365	5.704939	7.354304	21.633505
105.9	6.511045	1.131595	7.642641	21.683657
106	10.665427	3.436625	14.102052	21.726107
106.1	8.602805	9.132382	17.735187	21.764691
106.2	3.458871	10.236705	13.695576	21.801662
106.3	2.450011	5.350491	7.800502	21.838188
106.4	6.857701	1.383047	8.240748	21.875763
106.5	10.446866	3.816220	14.263086	21.917691
106.6	8.252526	9.213326	17.465852	21.969646
106.7	3.365601	10.191959	13.557560	22.038663
106.8	2.463067	5.625720	8.088788	22.130576
106.9	6.586664	1.901317	8.487982	22.246736
107	9.976652	3.876286	13.852938	22.381367
107.1	8.222503	8.394952	16.617455	22.520923
107.2	4.141777	9.133704	13.275481	22.646260
107.3	3.441351	5.505754	8.947105	22.737375
107.4	6.681669	3.078280	9.759949	22.779407
107.5	8.866478	5.359212	14.225690	22.767876
107.6	6.826742	8.893419	15.720161	22.711146
107.7	3.655379	8.457957	12.113336	22.628902
107.8	4.050587	4.624388	8.674975	22.546795
107.9	7.504762	2.856376	10.361138	22.488851
108	9.100003	5.653810	14.753814	22.470181
108.1	6.575574	9.092186	15.667760	22.492620
108.2	3.457739	8.543097	12.000836	22.544961
108.3	3.924134	5.173570	9.097703	22.607836
108.4	6.946639	3.969044	10.915684	22.661527
108.5	8.049141	6.412298	14.461440	22.693782
108.6	5.884257	8.522453	14.406710	22.704577
108.7	4.008795	6.936747	10.945542	22.705784
108.8	5.433350	3.967779	9.401129	22.715622
108.9	8.083904	4.177762	12.261665	22.749813
109	7.875875	7.523590	15.399465	22.812859
109.1	4.862192	9.227795	14.089987	22.893038
109.2	3.337859	6.715650	10.053509	22.963583
109.3	5.606085	3.504686	9.110771	22.990286
109.4	8.496388	4.201580	12.697969	22.943282
109.5	7.872447	7.745929	15.618376	22.808973
109.6	4.697235	8.831519	13.528754	22.597627
109.7	3.737417	5.669159	9.406576	22.343397
109.8	6.583253	2.823203	9.406456	22.096035
109.9	9.121469	4.700992	13.822461	21.906532
110	7.408085	8.902856	16.310941	21.811205
110.1	3.632403	9.290097	12.922499	21.819613
110.2	3.320370	4.816386	8.136756	21.910596
110.3	7.379585	1.487435	8.867020	22.038133
110.4	10.370814	4.161413	14.532227	22.145371
110.5	7.926430	9.489795	17.416225	22.182346
110.6	3.099202	10.224463	13.323665	22.121566
110.7	2.441585	5.269659	7.711244	21.966281
110.8	6.927428	1.416534	8.343962	21.748706
110.9	10.409894	4.016564	14.426458	21.518925
111	8.059631	9.448883	17.508514	21.328351
111.1	3.157086	10.059374	13.216460	21.213429
111.2	2.613753	4.891852	7.505606	21.185107
111.3	7.280242	1.194705	8.474947	21.227431
111.4	10.602773	4.370875	14.973648	21.305363
111.5	7.711430	10.284981	17.996412	21.378670
111.6	2.359235	10.808697	13.167932	21.416656
111.7	1.895248	5.089411	6.984659	21.408396
111.8	7.079776	0.872796	7.952573	21.364911
111.9	10.900236	3.892595	14.792831	21.312821
112	8.169401	9.967841	18.137243	21.282159
112.1	2.668054	10.794074	13.462128	21.293173
112.2	1.907029	5.422472	7.329501	21.347231
112.3	6.749651	1.497642	8.247293	21.425335
112.4	10.291492	4.555476	14.846968	21.494846
112.5	7.531632	10.287345	17.818977	21.521892
112.6	2.363923	10.537785	12.901708	21.484810
112.7	2.156457	4.691729	6.848186	21.383535
112.8	7.458663	0.624689	8.083352	21.241369
112.9	11.142000	3.895166	15.037165	21.098343
113	8.173688	10.129954	18.303643	20.998492
113.1	2.510244	11.045148	13.555392	20.975566
113.2	1.659445	5.685356	7.344801	21.042247
113.3	6.507235	1.453380	7.960615	21.186625
113.4	10.363710	3.806752	14.170462	21.377028
113.5	8.270623	9.011403	17.282027	21.573247
113.6	3.575120	9.705251	13.280371	21.740001
113.7	2.930394	5.150207	8.080601	21.857753
113.8	7.028965	1.925085	8.954050	21.927166
113.9	9.945302	4.504110	14.449413	21.965911
114	7.627703	9.131574	16.759277	21.999459
114.1	3.448314	9.332784	12.781098	22.049633
114.2	3.254669	4.975726	8.230394	22.125449
114.3	7.186476	2.192176	9.378652	22.219742
114.4	9.717514	4.649834	14.367348	22.312766
114.5	7.517868	8.651050	16.168917	22.381206
114.6	3.899090	8.672052	12.571142	22.408954
114.7	3.847940	5.114933	8.962873	22.395274
114.8	7.032257	3.334789	10.367046	22.356998
114.9	8.645017	5.758005	14.403022	22.323629
115	6.487831	8.578516	15.066347	22.326956
115.1	3.963056	7.546441	11.509497	22.388933
115.2	4.887023	4.208349	9.095372	22.512296
115.3	7.876888	3.565892	11.442781	22.677544
115.4	8.443084	6.715080	15.158163	22.847643
115.5	5.601611	9.229926	14.831537	22.979104
115.6	3.331570	7.585733	10.917303	23.035774
115.7	4.804943	4.234637	9.039580	23.000731
115.8	7.821798	3.983880	11.805679	22.882248
115.9	8.060640	7.012640	15.073280	22.711862
116	5.352768	8.718527	14.071295	22.535175
116.1	3.823126	6.575015	10.398141	22.398471
116.2	5.735231	3.903412	9.638642	22.335444
116.3	8.110474	4.944168	13.054642	22.358212
116.4	7.157864	8.410341	15.568205	22.455166
116.5	4.051968	9.125128	13.177097	22.595912
116.6	3.441390	5.617792	9.059182	22.741267
116.7	6.622016	2.610474	9.232490	22.854839
116.8	9.327584	4.436237	13.763821	22.912488
116.9	7.669289	8.659246	16.328535	22.907000
117	3.861535	9.294711	13.156247	22.847089
117.1	3.295379	5.363816	8.659194	22.751790
117.2	6.834546	2.521614	9.356160	22.642618
117.3	9.377114	5.066141	14.443255	22.536374
117.4	7.070497	9.539593	16.610090	22.440820
117.5	3.055714	9.332488	12.388202	22.354276
117.6	3.284869	4.165059	7.449929	22.268681
117.7	7.974551	0.959225	8.933775	22.174587
117.8	10.856059	4.382696	15.238756	22.066081
117.9	7.731066	10.089636	17.820702	21.943928
118	2.554990	10.395396	12.950386	21.816014
118.1	2.281264	4.849570	7.130835	21.695209
118.2	7.305570	1.006584	8.312154	21.595553
118.3	10.788135	4.079863	14.867998	21.528099
118.4	8.015088	9.725019	17.740107	21.497682
118.5	2.915044	10.061412	12.976456	21.501418
118.6	2.608636	4.659396	7.268033	21.529194
118.7	7.480834	1.177564	8.658398	21.565863
118.8	10.612823	4.664684	15.277506	21.594510
118.9	7.451124	10.406949	17.858073	21.600065
119	2.263510	10.385863	12.649372	21.572542
119.1	2.295020	4.461296	6.756316	21.509343
119.2	7.662240	0.703771	8.366011	21.416178
119.3	11.060657	4.310064	15.370722	21.306371
119.4	7.789800	10.423541	18.213341	21.198491
119.5	2.244868	10.809916	13.054784	21.112633
119.6	1.880115	5.145924	7.026039	21.065963
119.7	6.997678	1.334158	8.331836	21.068508
119.8	10.454385	4.521210	14.975596	21.120285
119.9	7.587392	10.090248	17.677641	21.210680
120	2.558721	10.226228	12.784948	21.320511
120.1	2.432282	4.781461	7.213743	21.426446
120.2	7.350244	1.370394	8.720638	21.506705
120.3	10.433850	4.736345	15.170196	21.546470
120.4	7.389089	10.240058	17.629147	21.541432
120.5	2.404536	10.362360	12.766897	21.498383
120.6	2.287090	5.013912	7.301002	21.432708
120.7	7.134748	1.437233	8.571981	21.363650
120.8	10.400391	4.159346	14.559737	21.308944
120.9	7.965218	9.060037	17.025255	21.280629
121	3.526378	9.453815	12.980193	21.283357
121.1	3.132806	5.297845	8.430651	21.315525
121.2	6.860149	2.760496	9.620645	21.372486
121.3	9.161104	5.273132	14.434236	21.450227
121.4	6.922725	8.907479	15.830203	21.547773
121.5	3.660848	8.293618	11.954466	21.667133
121.6	4.213577	4.294868	8.508444	21.810691
121.7	7.819018	2.574748	10.393766	21.977166
121.8	9.380030	5.442830	14.822859	22.158082
121.9	6.801258	8.745571	15.546829	22.336680
122	3.809629	7.991023	11.800653	22.490432
122.1	4.459136	4.665539	9.124675	22.596854
122.2	7.436493	3.768371	11.204864	22.640884
122.3	8.255253	6.440823	14.696075	22.621156
122.4	5.876885	8.473530	14.350415	22.552554
122.5	4.065977	6.687279	10.753256	22.463553
122.6	5.669843	3.701450	9.371293	22.388631
122.7	8.337292	4.082485	12.419777	22.357976
122.8	7.975518	7.541893	15.517411	22.387844
122.9	4.854815	9.205603	14.060418	22.475052
123	3.359189	6.661963	10.021152	22.597759
123.1	5.651220	3.535982	9.187202	22.722604
123.2	8.466562	4.295717	12.762279	22.815921
123.3	7.788283	7.768054	15.556337	22.855219
123.4	4.671840	8.839758	13.511599	22.836802
123.5	3.708273	5.965422	9.673695	22.776703
123.6	6.278002	3.524125	9.802128	22.704441
123.7	8.447190	5.407509	13.854699	22.651737
123.8	6.738332	9.082455	15.820788	22.640269
123.9	3.449379	9.003652	12.453031	22.673045
124	3.558637	4.770346	8.328983	22.732754
124.1	7.391651	2.169969	9.561620	22.787966
124.2	9.718348	5.125212	14.843561	22.805141
124.3	7.025293	9.820331	16.845623	22.762113
124.4	2.783787	9.706831	12.490618	22.657992
124.5	2.902756	4.730580	7.633335	22.515534
124.6	7.408536	1.699376	9.107912	22.374658
124.7	10.143950	4.872374	15.016324	22.279000
124.8	7.275776	9.829593	17.105369	22.260066
124.9	2.809496	9.484586	12.294082	22.324599
125	3.138006	4.098070	7.236075	22.449910
125.1	8.005451	1.179305	9.184756	22.589190
125.2	10.622220	5.074291	15.696511	22.685429
125.3	7.079946	10.659906	17.739852	22.689435
125.4	2.030029	10.187624	12.217653	22.575948
125.5	2.477612	4.032103	6.509714	22.352360
125.6	8.067842	0.386495	8.454337	22.057042
125.7	11.378032	4.107450	15.485482	21.747801
125.8	8.012421	10.051051	18.063472	21.484352
125.9	2.624922	10.166232	12.791154	21.310676
126	2.501151	4.568977	7.070128	21.243074
126.1	7.544399	1.265598	8.809997	21.267637
126.2	10.523565	4.943637	15.467202	21.347537
126.3	7.202907	10.438168	17.641075	21.437149
126.4	2.247528	9.957648	12.205176	21.497790
126.5	2.694493	3.992897	6.687390	21.509557
126.6	8.094584	0.715553	8.810136	21.475378
126.7	11.056236	4.694949	15.751185	21.416428
126.8	7.445950	10.589182	18.035132	21.361183
126.9	2.096178	10.510151	12.606329	21.332663
127	2.150237	4.804463	6.954700	21.338837
127.1	7.308290	1.393013	8.701303	21.369769
127.2	10.409645	4.779345	15.188990	21.402388
127.3	7.365992	10.025612	17.391603	21.410773
127.4	2.623927	9.837026	12.460954	21.377774
127.5	2.779739	4.668132	7.447871	21.303302
127.6	7.440282	1.859929	9.300211	21.205952
127.7	9.980096	5.304592	15.284687	21.117210
127.8	6.871634	10.154463	17.026098	21.070338
127.9	2.483791	9.721446	12.205237	21.088067
128	2.867679	4.694333	7.562012	21.173743
128.1	7.420204	1.931717	9.351922	21.309258
128.2	9.945859	4.887837	14.833696	21.460639
128.3	7.297061	9.149139	16.446199	21.589327
128.4	3.435014	8.935006	12.370020	21.665109
128.5	3.591230	5.039876	8.631106	21.676087
128.6	7.087527	3.199978	10.287505	21.632203
128.7	8.768145	5.736826	14.504971	21.561198
128.8	6.518092	8.550237	15.068329	21.498626
128.9	3.999746	7.394672	11.394418	21.475645
129	5.030351	4.051163	9.081514	21.508988
129.1	8.023707	3.546178	11.569885	21.596591
129.2	8.470811	6.714004	15.184815	21.720187
129.3	5.620597	8.989918	14.610515	21.853561
129.4	3.573475	7.080990	10.654465	21.973152
129.5	5.291536	3.728144	9.019680	22.066896
129.6	8.314665	3.674916	11.989581	22.138032
129.7	8.377355	6.794286	15.171640	22.202517
129.8	5.585064	8.393482	13.978547	22.281203
129.9	4.145303	6.184044	10.329348	22.389843
130	6.111034	3.661934	9.772968	22.530834
130.1	8.348699	4.898318	13.247017	22.689923
130.2	7.217559	8.364247	15.581806	22.839288
130.3	4.106205	8.964957	13.071163	22.946047
130.4	3.589591	5.513489	9.103080	22.983295
130.5	6.713616	2.737391	9.451007	22.939833
130.6	9.211794	4.629496	13.841290	22.825194
130.7	7.498706	8.597073	16.095779	22.668187
130.8	3.921248	9.022819	12.944067	22.509362
130.9	3.534733	5.355126	8.889859	22.389800
131	6.823943	3.046481	9.870424	22.339769
131.1	8.880166	5.711091	14.591257	22.370708
131.2	6.469832	9.665366	16.135198	22.472808
131.3	2.927968	8.979399	11.907367	22.618622
131.4	3.582709	4.141345	7.724054	22.771272
131.5	7.958989	1.827982	9.786970	22.894568
131.6	10.022846	5.613771	15.636617	22.962010
131.7	6.574535	10.592213	17.166748	22.962318
131.8	2.073145	9.871113	11.944257	22.900365
131.9	2.742570	4.221412	6.963981	22.793873
132	7.864444	1.286385	9.150829	22.667346
132.1	10.520755	5.086619	15.607374	22.545257
132.2	7.086209	10.323175	17.409384	22.446372
132.3	2.359672	9.625324	11.984996	22.380420
132.4	2.998768	3.855416	6.854184	22.347504
132.5	8.212656	1.056546	9.269202	22.339831
132.6	10.729708	5.291570	16.021278	22.344879
132.7	6.889478	10.837005	17.726483	22.349001
132.8	1.878324	9.964848	11.843172	22.340595
132.9	2.682619	3.668342	6.350961	22.312260
133	8.393471	0.431605	8.825076	22.261688
133.1	11.328592	4.623091	15.951683	22.191298
133.2	7.533222	10.508731	18.041953	22.106812
133.3	2.195458	10.151253	12.346711	22.015164
133.4	2.502866	4.262086	6.764952	21.922254
133.5	7.824395	1.049364	8.873759	21.831159
133.6	10.741832	4.795796	15.537628	21.741380
133.7	7.372575	10.061371	17.433946	21.649478
133.8	2.619914	9.432200	12.052113	21.551070
133.9	3.181261	3.881399	7.062660	21.443671
134	8.184002	1.327105	9.511107	21.329418
134.1	10.478541	5.525088	16.003629	21.216598
134.2	6.671412	10.822387	17.493799	21.119073
134.3	1.873222	9.992502	11.865724	21.053364
134.4	2.623699	4.175182	6.798881	21.033950
134.5	7.900086	1.201893	9.101980	21.068144
134.6	10.615142	4.833350	15.448493	21.152280
134.7	7.345233	9.858896	17.204130	21.270758
134.8	2.783753	9.553123	12.336876	21.398694
134.9	3.022996	4.843086	7.866082	21.507757
135	7.257528	2.587553	9.845081	21.573597
135.1	9.304525	5.820931	15.125456	21.582602
135.2	6.404402	9.753847	16.158249	21.535764
135.3	2.858631	8.790849	11.649480	21.448270
135.4	3.721467	4.355735	8.077202	21.344872
135.5	7.728121	2.629668	10.357789	21.252497
135.6	9.305048	5.789268	15.094316	21.192538
135.7	6.466736	9.218656	15.685393	21.175426
135.8	3.357837	8.280005	11.637841	21.199206
135.9	4.173578	4.710601	8.884179	21.252413
136	7.380704	3.719139	11.099843	21.319949
136.1	8.299018	6.382592	14.681610	21.389542
136.2	5.937304	8.386203	14.323507	21.456205
136.3	4.150471	6.616790	10.767261	21.522947
136.4	5.732177	3.760263	9.492441	21.597534
136.5	8.280787	4.228464	12.509252	21.686775
136.6	7.846430	7.527374	15.373804	21.790905
136.7	4.880341	8.874312	13.754653	21.900743
136.8	3.678034	6.197865	9.875899	21.999261
136.9	6.093354	3.258303	9.351657	22.067427
137	8.741756	4.240915	12.982671	22.092320
137.1	7.862940	7.650081	15.513021	22.074313
137.2	4.803540	8.459987	13.263527	22.030163
137.3	4.076809	5.483112	9.559921	21.990115
137.4	6.742453	3.194329	9.936783	21.989321
137.5	8.779830	5.191935	13.971764	22.056117
137.6	6.970871	8.745376	15.716247	22.201159
137.7	3.785805	8.562915	12.348720	22.411496
137.8	3.975015	4.576721	8.551736	22.652171
137.9	7.572354	2.400322	9.972676	22.875390
138	9.512769	5.413985	14.926754	23.034619
138.1	6.770554	9.679274	16.449828	23.098999
138.2	2.917569	9.251652	12.169221	23.063158
138.3	3.310866	4.645909	7.956776	22.948913
138.4	7.468661	2.331229	9.799891	22.798087
138.5	9.551714	5.634527	15.186241	22.658738
138.6	6.573352	9.855113	16.428464	22.569524
138.7	2.783330	8.794118	11.577447	22.547576
138.8	3.758875	3.712961	7.471836	22.584135
138.9	8.336355	1.887175	10.223529	22.649427
139	9.947755	6.381433	16.329189	22.704962
139.1	5.856236	11.345592	17.201828	22.718745
139.2	1.373734	9.822004	11.195738	22.677815
139.3	2.781933	3.508350	6.290282	22.593460
139.4	8.519430	0.757129	9.276559	22.497105
139.5	11.017356	5.229440	16.246796	22.428292
139.6	6.967837	10.797098	17.764935	22.419102
139.7	1.922702	9.893518	11.816220	22.480742
139.8	2.730797	3.898009	6.628805	22.597366
139.9	8.147355	1.185032	9.332386	22.729600
140	10.601522	5.498221	16.099743	22.826830
140.1	6.708761	10.757417	17.466177	22.844061
140.2	1.964570	9.515961	11.480531	22.757517
140.3	3.098382	3.334455	6.432837	22.573460
140.4	8.695749	0.666902	9.362651	22.327079
140.5	11.109362	5.190472	16.299835	22.071730
140.6	7.011275	10.748358	17.759633	21.862190
140.7	1.970102	9.854365	11.824468	21.737588
140.8	2.765257	3.924455	6.689711	21.709769
140.9	8.129321	1.143233	9.272553	21.760845
141	10.662968	5.108835	15.771804	21.850449
141.1	7.097380	10.053130	17.150510	21.929890
141.2	2.630556	9.069359	11.699915	21.958133
141.3	3.506663	3.698385	7.205048	21.914131
141.4	8.347685	1.594525	9.942210	21.801571
141.5	10.244223	5.762773	16.006996	21.644972
141.6	6.474417	10.449967	16.924383	21.479146
141.7	2.230548	9.238568	11.469116	21.336296
141.8	3.318979	3.892375	7.211354	21.235565
141.9	8.158307	1.743397	9.901704	21.178652
142	10.119109	5.537325	15.656435	21.152596
142.1	6.697218	9.912819	16.610037	21.138072
142.2	2.721573	9.072006	11.793579	21.119485
142.3	3.447233	4.642105	8.089338	21.092660
142.4	7.438510	2.949617	10.388127	21.066993
142.5	8.992341	6.026998	15.019339	21.061273
142.6	6.246502	9.120521	15.367022	21.094904
142.7	3.460012	7.796800	11.256813	21.178122
142.8	4.633553	4.194937	8.828490	21.305238
142.9	7.863461	3.665034	11.528495	21.453790
143	8.340583	6.980498	15.321081	21.590261
143.1	5.357068	9.371303	14.728371	21.680496
143.2	3.197014	7.505078	10.702092	21.701156
143.3	4.868391	4.168889	9.037280	21.648065
143.4	7.879954	4.033456	11.913410	21.538402
143.5	8.031326	6.889404	14.920730	21.405880
143.6	5.491939	8.205284	13.697223	21.290508
143.7	4.314842	5.990028	10.304870	21.226478
143.8	6.285195	3.749164	10.034359	21.232260
143.9	8.267863	5.169626	13.437489	21.306184
144	6.973810	8.418208	15.392019	21.428735
144.1	4.065129	8.616116	12.681245	21.570473
144.2	3.918114	5.057766	8.975881	21.702556
144.3	7.142296	2.567497	9.709793	21.806105
144.4	9.383974	4.714500	14.098474	21.877249
144.5	7.440208	8.556069	15.996277	21.926376
144.6	3.974186	8.682343	12.656529	21.972257
144.7	3.856942	4.972948	8.829890	22.033505
144.8	7.188533	2.869680	10.058213	22.120625
144.9	9.070496	5.544502	14.614998	22.231586
145	6.661629	9.155263	15.816891	22.352368
145.1	3.430700	8.244972	11.675672	22.462151
145.2	4.276854	3.767685	8.044539	22.541095
145.3	8.313308	2.085292	10.398600	22.577866
145.4	9.801884	5.965715	15.767599	22.574198
145.5	6.272922	10.311207	16.584129	22.544953
145.6	2.348220	9.054208	11.402428	22.513681
145.7	3.496153	3.794515	7.290668	22.505234
145.8	8.250206	1.842713	10.092919	22.537867
145.9	10.004019	6.042367	16.046386	22.617336
146	6.205062	10.590787	16.795850	22.734728
146.1	2.105250	9.016121	11.121371	22.868554
146.2	3.539823	3.363568	6.903391	22.990328
146.3	8.642709	1.579901	10.222610	23.071901
146.4	10.233396	6.433636	16.667032	23.092528
146.5	5.830158	11.392318	17.222476	23.043864
146.6	1.353691	9.487651	10.841342	22.931824
146.7	3.097461	3.067852	6.165312	22.775119
146.8	8.919051	0.800566	9.719616	22.601061
146.9	10.968478	5.835120	16.803597	22.439736
147	6.400224	11.412556	17.812780	22.317854
147.1	1.338024	10.064955	11.402980	22.253512
147.2	2.547790	3.779075	6.326865	22.252805
147.3	8.240111	1.146005	9.386116	22.308887
147.4	10.643061	5.508655	16.151716	22.403618
147.5	6.720933	10.507260	17.228193	22.511504
147.6	2.211618	9.065088	11.276705	22.605147
147.7	3.511949	3.225199	6.737148	22.661099
147.8	8.782739	1.213079	9.995817	22.664765
147.9	10.593762	5.938931	16.532693	22.613180
148	6.313258	10.961698	17.274956	22.514868
148.1	1.764088	9.422273	11.186361	22.386777
148.2	3.155341	3.453614	6.608955	22.249098
148.3	8.567793	1.107020	9.674813	22.119486
148.4	10.716615	5.267202	15.983817	22.008427
148.5	6.971510	9.948520	16.920030	21.917242
148.6	2.727034	8.821730	11.548764	21.839342
148.7	3.714964	3.865051	7.580015	21.764282
148.8	8.174971	2.245901	10.420872	21.683096
148.9	9.643011	6.163987	15.806997	21.592932
149	6.117956	9.957970	16.075925	21.499113
149.1	2.696291	8.245153	10.941443	21.413720
149.2	4.241358	3.434919	7.676277	21.351041
149.3	8.589918	2.198838	10.788757	21.321517
149.4	9.715920	6.148286	15.864206	21.326522
149.5	6.145278	9.822529	15.967807	21.356144
149.6	2.798459	8.470436	11.268895	21.391176
149.7	3.985136	4.445479	8.430615	21.408954
149.8	7.613659	3.465723	11.079382	21.391183
149.9	8.529121	6.493150	15.022272	21.330987
150	5.832155	8.794070	14.626225	21.236508
150.1	3.759615	7.071293	10.830908	21.129475
150.2	5.286516	4.117617	9.404132	21.038938
150.3	7.925088	4.454122	12.379210	20.992135
150.4	7.621897	7.609421	15.231319	21.005604
150.5	4.793839	8.889892	13.683732	21.079678
150.6	3.648049	6.362521	10.010570	21.198371
150.7	5.918202	3.719996	9.638197	21.334755
150.8	8.291066	4.832273	13.123340	21.459904
150.9	7.295645	8.019195	15.314840	21.552200
151	4.441591	8.504457	12.946048	21.603606
151.1	4.011941	5.498666	9.510607	21.620674
151.2	6.706837	3.468276	10.175112	21.620056
151.3	8.516393	5.568908	14.085301	21.620399
151.4	6.623144	8.802465	15.425609	21.633943
151.5	3.736061	8.196593	11.932654	21.661280
151.6	4.314386	4.178513	8.492899	21.691533
151.7	7.945237	2.336661	10.281898	21.708033
151.8	9.587552	5.525707	15.113259	21.697326
151.9	6.689329	9.529680	16.219009	21.657802
152	3.070983	8.788397	11.859380	21.604167
152.1	3.743664	4.306189	8.049853	21.565369
152.2	7.788820	2.390497	10.179316	21.576046
152.3	9.517163	5.731794	15.248956	21.664173
152.4	6.513585	9.453347	15.966932	21.839279
152.5	3.178798	7.993480	11.172279	22.085821
152.6	4.510636	3.223110	7.733746	22.364711
152.7	8.800396	2.074527	10.874922	22.623190
152.8	9.799180	6.676810	16.475990	22.810241
152.9	5.617171	10.935492	16.552663	22.892523
153	1.778527	8.794440	10.572967	22.865362
153.1	3.740471	2.872774	6.613244	22.754822
153.2	9.108813	1.181939	10.290752	22.609822
153.3	10.633040	6.119050	16.752090	22.486722
153.4	6.157378	10.997606	17.154984	22.431438
153.5	1.737672	9.182067	10.919739	22.465097
153.6	3.371798	3.302470	6.674268	22.578062
153.7	8.677036	1.663939	10.340976	22.734294
153.8	10.147889	6.681657	16.829546	22.884429
153.9	5.610305	11.405383	17.015689	22.982932
154	1.352362	9.104732	10.457094	23.003323
154.1	3.451956	2.702108	6.154064	22.946228
154.2	9.253641	0.900521	10.154162	22.837610
154.3	10.879393	6.242855	17.122248	22.718092
154.4	6.030911	11.573174	17.604085	22.627409
154.5	1.189545	9.801358	10.990903	22.589745
154.6	2.781778	3.515586	6.297364	22.605242
154.7	8.476530	1.273646	9.750176	22.650691
154.8	10.528663	5.842731	16.371394	22.689014
154.9	6.416181	10.632407	17.048588	22.683925
155	2.083940	9.017964	11.101904	22.614335
155.1	3.528407	3.437052	6.965458	22.483183
155.2	8.565192	1.750546	10.315738	22.317440
155.3	10.096810	6.209967	16.306777	22.159246
155.4	6.077851	10.459016	16.536867	22.051371
155.5	2.241267	8.529507	10.770774	22.022156
155.6	3.984234	3.105726	7.089960	22.075276
155.7	8.892351	1.644675	10.537026	22.187874
155.8	10.225520	6.014130	16.239649	22.317619
155.9	6.278804	10.113747	16.392551	22.416123
156	2.554446	8.501752	11.056198	22.444005
156.1	3.985090	3.770289	7.755379	22.382481
156.2	8.255793	2.573259	10.829052	22.237769
156.3	9.360891	6.265607	15.626499	22.037246
156.4	6.052256	9.329175	15.381430	21.819209
156.5	3.289047	7.420137	10.709184	21.620191
156.6	4.997324	3.414389	8.411713	21.464386
156.7	8.602462	3.089501	11.691962	21.358626
156.8	8.896864	6.902737	15.799601	21.294113
156.9	5.452664	9.539406	14.992070	21.253540
157	3.053984	7.548310	10.602294	21.220317
157.1	4.829283	4.015376	8.844659	21.186086
157.2	8.020974	3.862117	11.883092	21.153634
157.3	8.192352	6.860236	15.052588	21.134303
157.4	5.518374	8.368406	13.886780	21.141255
157.5	4.151667	6.343739	10.495405	21.181623
157.6	5.936274	4.210713	10.146988	21.250955
157.7	7.820520	5.523107	13.343627	21.332458
157.8	6.632995	8.482802	15.115797	21.401580
157.9	3.992268	8.521739	12.514006	21.434398
158	3.986269	5.189641	9.175909	21.416685
158.1	6.997644	3.106590	10.104234	21.350216
158.2	8.866346	5.342844	14.209190	21.253795
158.3	6.843964	8.806788	15.650752	21.158397
158.4	3.723900	8.552487	12.276387	21.097902
158.5	3.952382	4.963596	8.915978	21.098520
158.6	7.173724	3.329385	10.503109	21.170456
158.7	8.631130	6.175869	14.806999	21.304583
158.8	6.069499	9.389034	15.458533	21.475161
158.9	3.202151	8.005391	11.207542	21.647614
159	4.480787	3.569006	8.049793	21.788721
159.1	8.486210	2.297729	10.783939	21.875906
159.2	9.611462	6.270354	15.881816	21.902778
159.3	6.007845	10.139208	16.147052	21.879473
159.4	2.519572	8.418773	10.938345	21.828090
159.5	4.088474	3.318888	7.407363	21.775098
159.6	8.700369	1.891591	10.591961	21.743382
159.7	9.985495	6.176399	16.161895	21.746414
159.8	6.115048	10.180277	16.295325	21.786147
159.9	2.506353	8.206176	10.712529	21.854785
160	4.292500	2.983504	7.276004	21.939346
160.1	8.996501	1.999216	10.995717	22.027140
160.2	9.864192	6.914295	16.778487	22.110226
160.3	5.417487	10.948065	16.365553	22.187486
160.4	1.791741	8.219466	10.011208	22.263905
160.5	4.284340	2.167170	6.451510	22.347601
160.6	9.763196	1.090827	10.854023	22.445804
160.7	10.720066	6.703075	17.423141	22.561180
160.8	5.620920	11.564065	17.184985	22.689641
160.9	1.208757	9.175390	10.384147	22.820234
161	3.364758	2.907508	6.272266	22.937085
161.1	9.037528	1.376464	10.413992	23.022857
161.2	10.430220	6.588630	17.018850	23.062861
161.3	5.723923	11.227715	16.951638	23.048878
161.4	1.531837	8.826257	10.358094	22.981838
161.5	3.702337	2.724233	6.426569	22.872690
161.6	9.216514	1.427567	10.644081	22.741138
161.7	10.381977	6.836898	17.218875	22.612259
161.8	5.478237	11.633175	17.111413	22.511494
161.9	1.127943	9.350181	10.478124	22.458944
162	3.191070	3.158312	6.349382	22.464247
162.1	8.810210	1.353802	10.164012	22.523417
162.2	10.473643	6.005739	16.479381	22.618752
162.3	6.284262	10.440440	16.724701	22.722272
162.4	2.259740	8.709855	10.969595	22.802161
162.5	3.791380	3.658620	7.450000	22.830790
162.6	8.338173	2.567071	10.905244	22.792155
162.7	9.333646	6.840100	16.173746	22.686559
162.8	5.494075	10.232008	15.726083	22.530947
162.9	2.443719	7.806145	10.249864	22.354530
163	4.641564	2.846375	7.487939	22.190812
163.1	9.131256	2.147596	11.278852	22.068290
163.2	9.773746	6.540421	16.314167	22.002693
163.3	5.803399	9.927017	15.730416	21.993156
163.4	2.721573	7.882737	10.604311	22.023554
163.5	4.543700	3.588456	8.132156	22.068476
163.6	8.423810	3.027334	11.451144	22.101776
163.7	8.959513	6.599052	15.558565	22.104746
163.8	5.759919	8.956805	14.716724	22.071121
163.9	3.625940	6.859543	10.485483	22.007284
164	5.491508	3.619462	9.110970	21.927807
164.1	8.398061	4.035991	12.434052	21.848207
164.2	8.029612	7.432834	15.462447	21.777839
164.3	4.980326	8.817892	13.798218	21.715796
164.4	3.731389	6.225376	9.956765	21.651533
164.5	6.057005	3.484010	9.541015	21.570060
164.6	8.524556	4.533734	13.058290	21.459717
164.7	7.590639	7.722243	15.312882	21.319386
164.8	4.728093	8.373220	13.101313	21.162067
164.9	4.129534	5.729735	9.859269	21.013024
165	6.478513	4.008062	10.486576	20.902724
165.1	8.003510	6.015516	14.019027	20.856864
165.2	6.200979	8.802575	15.003554	20.887064
165.3	3.723980	7.933838	11.657818	20.985734
165.4	4.536767	4.244889	8.781656	21.127294
165.5	7.859427	3.010743	10.870170	21.275608
165.6	8.943970	6.357055	15.301025	21.395237
165.7	5.903829	9.848388	15.752217	21.462586
165.8	2.755651	8.545743	11.301395	21.472974
165.9	3.942635	4.138180	8.080816	21.441057
166	7.923260	2.786475	10.709735	21.394436
166.1	9.140975	6.407508	15.548483	21.362826
166.2	5.881709	9.775084	15.656793	21.366816
166.3	2.863813	7.861428	10.725240	21.410476
166.4	4.604989	3.177264	7.782253	21.480616
166.5	8.821037	2.473900	11.294937	21.553004
166.6	9.426759	7.130850	16.557609	21.603159
166.7	5.205362	10.838781	16.044143	21.617491
166.8	1.869588	8.234624	10.104212	21.600295
166.9	4.249733	2.580283	6.830016	21.573610
167	9.376775	1.503828	10.880603	21.569584
167.1	10.353135	6.441683	16.794818	21.617960
167.2	5.890143	10.522920	16.413063	21.733290
167.3	2.201432	8.079459	10.280890	21.906896
167.4	4.402751	2.617478	7.020229	22.107009
167.5	9.321478	1.981403	11.302881	22.287686
167.6	9.878632	7.294469	17.173101	22.403801
167.7	5.075668	11.176019	16.251687	22.427038
167.8	1.586956	7.961556	9.548512	22.357175
167.9	4.516802	1.788889	6.305692	22.224374
168	10.104746	1.121651	11.226397	22.081228
168.1	10.693672	7.080482	17.774154	21.986863
168.2	5.281833	11.734626	17.016459	21.988252
168.3	1.056774	8.865982	9.922756	22.104992
168.4	3.650962	2.447613	6.098576	22.322689
168.5	9.469553	1.170809	10.640362	22.597208
168.6	10.640331	6.585606	17.225937	22.868369
168.7	5.746550	11.158419	16.904969	23.078452
168.8	1.596392	8.761399	10.357792	23.189310
168.9	3.743024	2.999183	6.742207	23.192500
169	8.943618	1.993468	10.937086	23.109337
169.1	9.857781	7.081912	16.939693	22.981316
169.2	5.264125	11.117290	16.381415	22.854650
169.3	1.615272	8.501057	10.116329	22.764514
169.4	3.979324	2.867885	6.847209	22.724485
169.5	9.081849	1.897689	10.979538	22.724542
169.6	9.975533	6.719330	16.694862	22.737823
169.7	5.619598	10.608784	16.228382	22.733163
169.8	2.082070	8.456671	10.538742	22.688490
169.9	3.999782	3.620570	7.620352	22.600036
170	8.367657	2.864759	11.232416	22.484041
170.1	9.078141	6.872695	15.950836	22.370535
170.2	5.487743	9.636792	15.124534	22.291712
170.3	2.998099	7.186900	10.184999	22.269352
170.4	5.198299	3.107467	8.305766	22.306016
170.5	8.872481	3.244227	12.116708	22.383235
170.6	8.750658	7.394906	16.145565	22.467300
170.7	5.003672	9.738410	14.742082	22.520495
170.8	2.878083	7.113117	9.991200	22.513687
170.9	5.241046	3.285817	8.526863	22.435821
171	8.712077	3.405544	12.117620	22.297081
171.1	8.639412	6.826271	15.465683	22.124867
171.2	5.574957	8.430519	14.005476	21.954264
171.3	4.112410	6.159693	10.272103	21.816559
171.4	6.121314	3.755456	9.876770	21.729863
171.5	8.262279	4.995362	13.257642	21.694879
171.6	7.148490	8.075010	15.223501	21.696890
171.7	4.393348	8.341886	12.735235	21.712710
171.8	4.165207	5.245557	9.410764	21.719683
171.9	6.952354	3.228752	10.181106	21.703291
172	8.764749	5.224583	13.989332	21.660725
172.1	6.971897	8.314771	15.286667	21.599505
172.2	4.195901	7.990462	12.186363	21.532194
172.3	4.480647	4.826760	9.307407	21.469695
172.4	7.304036	3.706593	11.010629	21.416019
172.5	8.288042	6.564724	14.852766	21.366695
172.6	5.715314	9.286894	15.002209	21.311404
172.7	3.292388	7.591696	10.884085	21.239692
172.8	4.846553	3.543896	8.390448	21.147371
172.9	8.488175	2.995082	11.483257	21.040893
173	8.948594	7.183962	16.132555	20.937756
173.1	5.144726	10.531349	15.676075	20.862478
173.2	2.130288	8.244701	10.374989	20.839358
173.3	4.216950	3.238173	7.455123	20.884436
173.4	8.750416	2.349687	11.100103	20.999427
173.5	9.552568	6.812651	16.365219	21.169747
173.6	5.521848	10.376000	15.897848	21.367381
173.7	2.308368	7.995537	10.303906	21.557751
173.8	4.457592	3.021412	7.479004	21.708495
173.9	8.936376	2.600012	11.536388	21.797506
174	9.301255	7.526721	16.827976	21.817971
174.1	4.853468	10.875587	15.729055	21.779144
174.2	1.852931	7.632530	9.485461	21.702952
174.3	4.810046	1.953963	6.764008	21.617697
174.4	9.948200	1.653593	11.601794	21.550820
174.5	10.206054	7.328116	17.534171	21.522696
174.6	5.060987	11.307115	16.368103	21.542909
174.7	1.458875	8.141287	9.600161	21.609577
174.8	4.324567	2.178902	6.503468	21.711441
174.9	9.720826	1.610383	11.331209	21.831788
175	10.241426	7.126879	17.368305	21.953015
175.1	5.263024	10.946602	16.209626	22.060705
175.2	1.819023	7.641362	9.460385	22.146407
175.3	4.810609	1.754052	6.564661	22.208696
175.4	10.125185	1.569006	11.694191	22.252496
175.5	10.273546	7.608907	17.882453	22.286950
175.6	4.790984	11.798473	16.589457	22.322379
175.7	0.990970	8.491450	9.482420	22.367066
175.8	3.988710	2.163389	6.152099	22.424640
175.9	9.735923	1.235657	10.971580	22.492828
176	10.600615	6.644065	17.244680	22.564024
176.1	5.714373	10.840809	16.555183	22.627710
176.2	1.896125	8.329600	10.225726	22.674161
176.3	4.134820	3.024993	7.159813	22.698348
176.4	8.916863	2.481222	11.398085	22.702694
176.5	9.417236	7.346588	16.763824	22.697473
176.6	5.031172	10.706141	15.737313	22.698304
176.7	1.993612	7.895488	9.889100	22.721144
176.8	4.527374	2.900606	7.427980	22.776145
176.9	9.046019	2.609130	11.655149	22.862439
177	9.323436	7.246776	16.570212	22.965871
177.1	5.135316	10.326442	15.461758	23.060980
177.2	2.332920	7.819660	10.152580	23.117200
177.3	4.574833	3.524190	8.099023	23.107747
177.4	8.458293	3.392871	11.851164	23.018530
177.5	8.607581	7.198004	15.805585	22.854125
177.6	5.198850	9.240005	14.438855	22.638524
177.7	3.353324	6.672332	10.025656	22.409956
177.8	5.648467	3.401141	9.049608	22.211025
177.9	8.585727	4.234957	12.820684	22.077031
178	7.838050	7.944132	15.782182	22.026133
178.1	4.502683	9.148370	13.651054	22.054526
178.2	3.419595	6.093685	9.513280	22.138233
178.3	6.175738	3.073127	9.248865	22.240943
178.4	8.912405	4.185512	13.097917	22.325283
178.5	7.930401	7.573114	15.503515	22.363771
178.6	4.883378	8.338629	13.222007	22.345834
178.7	4.172666	5.675674	9.848340	22.278733
178.8	6.540333	3.808328	10.348662	22.182387
178.9	8.210989	5.556759	13.767748	22.080320
179	6.657731	8.127855	14.785585	21.990255
179.1	4.377967	7.358586	11.736553	21.917938
179.2	5.088295	4.114370	9.202665	21.856442
179.3	7.994240	3.251699	11.245939	21.791013
179.4	8.738509	6.445425	15.183934	21.707360
179.5	5.841760	9.404604	15.246364	21.599863
179.6	3.179470	7.867732	11.047202	21.476196
179.7	4.574671	3.896563	8.471235	21.356208
179.8	8.152023	3.163468	11.315492	21.265194
179.9	8.805041	6.802011	15.607051	21.223980
180	5.531067	9.551104	15.082172	21.239662
180.1	3.074877	7.211442	10.286319	21.300812
180.2	5.198533	2.924077	8.122610	21.379432
180.3	9.047225	3.009157	12.056382	21.439431
180.4	8.930358	7.889095	16.819452	21.448891
180.5	4.500657	11.042464	15.543121	21.391760
180.6	1.662475	7.932998	9.595473	21.274622
180.7	4.496183	2.572062	7.068244	21.125809
180.8	9.354271	2.232695	11.586966	20.986828
180.9	9.661296	7.370127	17.031423	20.898909
181	5.016729	10.853122	15.869851	20.889356
181.1	1.869555	7.833634	9.703189	20.962544
181.2	4.594420	2.575720	7.170140	21.098856
181.3	9.334623	2.554390	11.889013	21.261978
181.4	9.344918	7.914781	17.259698	21.411946
181.5	4.507287	11.098764	15.606052	21.519203
181.6	1.651311	7.381141	9.032452	21.574508
181.7	5.030828	1.667556	6.698384	21.591036
181.8	10.196817	1.875579	12.072396	21.597906
181.9	9.994256	7.910616	17.904872	21.627540
182	4.523214	11.602074	16.125289	21.701644
182.1	1.182318	7.877766	9.060084	21.821183
182.2	4.558663	1.777971	6.336633	21.964330
182.3	10.088942	1.549860	11.638802	22.093466
182.4	10.308374	7.325416	17.633789	22.168917
182.5	5.091410	11.025002	16.116412	22.164528
182.6	1.742178	7.575010	9.317187	22.079321
182.7	4.852894	1.876907	6.729801	21.940735
182.8	9.998048	1.928824	11.926872	21.797856
182.9	9.947240	7.718209	17.665449	21.706606
183	4.708957	11.271635	15.980592	21.711778
183.1	1.493539	7.691390	9.184929	21.832029
183.2	4.736366	1.856052	6.592418	22.053014
183.3	10.028278	1.641536	11.669814	22.331106
183.4	10.234428	7.190160	17.424588	22.606523
183.5	5.206697	10.967442	16.174139	22.821492
183.6	1.757130	8.203392	9.960521	22.937442
183.7	4.225837	3.138498	7.364335	22.945610
183.8	8.808318	2.753534	11.561851	22.867823
183.9	9.190820	7.121107	16.311928	22.747611
184	5.273437	9.760345	15.033782	22.635019
184.1	2.886414	7.015071	9.901485	22.570482
184.2	5.342080	3.041668	8.383748	22.573139
184.3	8.912709	3.650621	12.563329	22.637154
184.4	8.359886	8.046543	16.406429	22.736658
184.5	4.388229	10.111307	14.499536	22.836889
184.6	2.512218	7.104333	9.616551	22.907149
184.7	5.218931	3.341929	8.560860	22.930846
184.8	8.630293	3.899121	12.529414	22.909305
184.9	8.160119	7.550360	15.710479	22.858515
185	4.885816	8.874452	13.760269	22.800626
185.1	3.680061	6.148713	9.828774	22.753856
185.2	6.110416	3.604391	9.714806	22.724811
185.3	8.389619	5.054577	13.444195	22.706096
185.4	7.090596	8.334695	15.425291	22.679937
185.5	4.150490	8.559961	12.710451	22.626172
185.6	3.955024	5.299849	9.254873	22.531383
185.7	6.892650	3.189993	10.082643	22.395571
185.8	8.798484	5.167744	13.966228	22.233796
185.9	7.029197	8.242294	15.271491	22.072180
186	4.266298	7.935907	12.202205	21.939731
186.1	4.530769	4.845603	9.376372	21.858995
186.2	7.291805	3.690881	10.982686	21.838854
186.3	8.322379	6.243526	14.565905	21.871923
186.4	6.042441	8.587141	14.629582	21.937277
186.5	3.966488	6.899187	10.865675	22.007315
186.6	5.505087	3.352451	8.857538	22.056208
186.7	8.682362	3.254454	11.936816	22.066975
186.8	8.733554	7.242481	15.976035	22.034934
186.9	5.119225	9.912901	15.032126	21.966749
187	2.723421	7.326725	10.050146	21.875911
187.1	5.077056	2.866580	7.943637	21.776706
187.2	9.104443	2.776852	11.881295	21.679077
187.3	9.173802	7.329911	16.503713	21.586219
187.4	5.058878	10.192253	15.251131	21.495535
187.5	2.481891	7.260315	9.742206	21.402211
187.6	5.131041	2.633664	7.764705	21.303700
187.7	9.292057	3.026629	12.318687	21.203103
187.8	8.914135	8.195211	17.109347	21.109991
187.9	4.242092	10.957083	15.199175	21.038237
188	1.769163	7.158594	8.927757	21.001622
188.1	5.226614	1.755163	6.981778	21.008808
188.2	10.113527	2.216113	12.329640	21.059536
188.3	9.678643	8.146582	17.825225	21.143436
188.4	4.295338	11.619146	15.914484	21.241949
188.5	1.142773	8.004141	9.146915	21.332834
188.6	4.407970	2.363681	6.771651	21.395905
188.7	9.512725	2.446030	11.958756	21.418328
188.8	9.452440	7.933859	17.386300	21.398034
188.9	4.511780	10.922115	15.433895	21.344382
189	1.828055	7.017632	8.845687	21.276034
189.1	5.361851	1.585256	6.947107	21.216671
189.2	10.260372	2.337784	12.598156	21.189648
189.3	9.559673	8.511231	18.070904	21.212794
189.4	3.964111	11.736722	15.700833	21.294428
189.5	1.049142	7.522115	8.571257	21.431322
189.6	4.876365	1.480191	6.356556	21.608993
189.7	10.362436	1.666460	12.028896	21.804274
189.8	10.210211	7.599504	17.809715	21.989751
189.9	4.844622	11.067330	15.911953	22.139307
190	1.693515	7.471345	9.164860	22.233696
190.1	4.930436	1.991454	6.921891	22.264937
190.2	9.885315	2.226708	12.112023	22.238393
190.3	9.683816	7.705859	17.389675	22.171799
190.4	4.736505	10.742582	15.479087	22.091199
190.5	1.986229	7.180474	9.166702	22.024610
190.6	5.202292	2.011370	7.213662	21.994991
190.7	9.883849	2.296470	12.180319	22.014468
190.8	9.638729	7.482036	17.120765	22.081602
190.9	4.945259	10.456910	15.402169	22.182650
191	2.226518	7.489178	9.715696	22.296580
191.1	4.881476	3.069809	7.951285	22.402301
191.2	8.880472	3.281363	12.161834	22.485744
191.3	8.722472	7.388205	16.110677	22.544338
191.4	5.036529	9.334022	14.370551	22.587198
191.5	3.268465	6.535531	9.803996	22.630802
191.6	5.764694	3.325213	9.089907	22.691575
191.7	8.644781	4.461168	13.105949	22.778021
191.8	7.624524	8.290840	15.915363	22.885407
191.9	4.179218	9.282044	13.461262	22.995255
192	3.285240	6.024992	9.310232	23.080240
192.1	6.219909	3.157401	9.377310	23.113141
192.2	8.813112	4.642030	13.455142	23.076865
192.3	7.487562	8.204633	15.692195	22.971920
192.4	4.274979	8.805896	13.080875	22.818435
192.5	3.710125	5.901866	9.611991	22.651527
192.6	6.301048	3.978379	10.279427	22.511220
192.7	8.031917	5.805182	13.837100	22.430037
192.8	6.413604	8.399522	14.813126	22.422454
192.9	4.112277	7.567183	11.679460	22.479873
193	4.879059	4.260662	9.139721	22.572998
193.1	7.848566	3.319624	11.168190	22.660992
193.2	8.677332	6.341886	15.019218	22.704396
193.3	5.944925	9.148330	15.093255	22.677480
193.4	3.417690	7.727838	11.145528	22.575875
193.5	4.697343	4.115249	8.812591	22.416976
193.6	7.946657	3.533050	11.479707	22.233171
193.7	8.473332	6.767619	15.240952	22.060484
193.8	5.581196	8.893372	14.474568	21.926767
193.9	3.697545	6.451580	10.149125	21.843644
194	5.909577	2.772510	8.682087	21.804915
194.1	9.200375	3.433426	12.633802	21.791631
194.2	8.563755	8.042827	16.606582	21.781559
194.3	4.390781	10.290014	14.680796	21.759098
194.4	2.385139	6.716698	9.101837	21.721646
194.5	5.640724	1.943543	7.584268	21.679850
194.6	9.957035	2.569246	12.526281	21.651674
194.7	9.376511	7.917469	17.293980	21.652727
194.8	4.531298	10.707188	15.238486	21.686907
194.9	2.008849	7.086094	9.094944	21.741424
195	5.279862	2.125968	7.405829	21.788697
195.1	9.752170	2.871984	12.624154	21.794933
195.2	9.066554	8.435500	17.502054	21.732539
195.3	4.039941	11.052033	15.091975	21.591798
195.4	1.690188	6.879847	8.570035	21.387229
195.5	5.474581	1.541285	7.015866	21.155786
195.6	10.298080	2.482954	12.781034	20.946960
195.7	9.431746	8.601947	18.033693	20.807828
195.8	3.884922	11.613161	15.498083	20.768111
195.9	1.156286	7.429139	8.585425	20.830475
196	4.941483	1.822680	6.764164	20.969625
196.1	10.017977	2.463648	12.481626	21.140681
196.2	9.447747	8.333304	17.781051	21.294054
196.3	4.147373	11.200973	15.348346	21.391696
196.4	1.554181	7.096047	8.650228	21.419068
196.5	5.258205	1.812264	7.070469	21.388704
196.6	10.026557	2.799368	12.825925	21.334193
196.7	9.129926	8.745576	17.875502	21.296890
196.8	3.757420	11.351114	15.108533	21.310207
196.9	1.413771	6.828368	8.242139	21.387209
197	5.522260	1.176857	6.699117	21.515993
197.1	10.651525	1.966122	12.617648	21.664464
197.2	9.943761	8.028262	17.972023	21.792696
197.3	4.444977	11.204220	15.649197	21.868291
197.4	1.541493	7.523524	9.065017	21.879052
197.5	4.850175	2.346412	7.196587	21.838263
197.6	9.544299	2.670943	12.215242	21.780553
197.7	9.286219	7.569883	16.856103	21.749735
197.8	4.882739	9.895894	14.778634	21.782932
197.9	2.777347	6.443056	9.220403	21.896650
198	5.881539	2.227990	8.109528	22.079805
198.1	9.684090	3.214694	12.898784	22.296240
198.2	8.796115	7.996767	16.792883	22.495951
198.3	4.469782	9.993465	14.463247	22.631194
198.4	2.644534	6.703654	9.348188	22.671997
198.5	5.600993	2.920092	8.521084	22.615873
198.6	9.032484	3.740296	12.772780	22.488582
198.7	8.325576	7.565949	15.891526	22.335911
198.8	4.887897	8.814744	13.702642	22.209420
198.9	3.739051	6.022197	9.761248	22.151033
199	6.220350	3.643942	9.864292	22.181454
199.1	8.346465	5.307309	13.653774	22.295892
199.2	6.856562	8.530125	15.386687	22.467885
199.3	3.970310	8.479983	12.450292	22.659292
199.4	4.023571	5.112329	9.135900	22.832629
199.5	7.055604	3.253380	10.308984	22.961458
199.6	8.728666	5.578798	14.307464	23.035657
199.7	6.635642	8.748472	15.384114	23.060483
199.8	3.777000	8.286769	12.063769	23.050634
199.9	4.178197	5.056149	9.234346	23.022181
200	7.071480	3.898971	10.970451	22.985705
