#time	ekin		epot		etot		chain_length
0	11.740600	0.000218	11.740818	22.000227
1	10.448391	1.292466	11.740857	22.404267
2	9.027778	2.713118	11.740895	22.696564
3	8.445410	3.295524	11.740934	22.276662
4	8.874010	2.866962	11.740972	21.741905
5	10.048503	1.692506	11.741009	21.123413
6	5.151880	6.589157	11.741036	20.549890
7	7.732839	4.008219	11.741058	19.804499
8	7.564039	4.177038	11.741077	18.256635
9	8.679575	3.061516	11.741092	15.744202
10	7.559405	4.181701	11.741106	13.973596
11	9.485719	2.255403	11.741122	12.230035
12	8.231211	3.509927	11.741138	10.577888
13	7.676773	4.064382	11.741155	8.966441
14	6.187152	5.554020	11.741171	6.940890
15	5.937206	5.803984	11.741190	5.227424
16	8.809463	2.931744	11.741208	4.052608
17	8.038908	3.702317	11.741225	2.756850
18	7.362331	4.378910	11.741241	1.793103
19	9.107113	2.634145	11.741258	1.973027
20	7.650114	4.091160	11.741275	1.865404
21	7.439813	4.301477	11.741291	2.596529
22	5.918108	5.823198	11.741306	2.585156
23	9.088316	2.653003	11.741319	3.070197
24	8.957557	2.783773	11.741330	3.728940
25	8.915316	2.826026	11.741342	4.680195
26	8.686830	3.054524	11.741354	5.464259
27	8.996534	2.744831	11.741365	6.066795
28	8.641904	3.099471	11.741375	6.432918
29	8.516116	3.225270	11.741385	6.358344
30	10.614549	1.126849	11.741398	5.344957
31	6.100862	5.640548	11.741410	3.916400
32	8.779537	2.961887	11.741424	3.287163
33	9.497312	2.244124	11.741436	3.494462
34	8.245792	3.495656	11.741447	4.628920
35	8.321132	3.420326	11.741458	6.639491
36	9.547383	2.194085	11.741468	7.785739
37	11.066168	0.675311	11.741479	7.982383
38	7.282846	4.458643	11.741489	7.357790
39	8.978183	2.763318	11.741501	5.589889
40	8.605597	3.135917	11.741514	4.253330
41	8.376920	3.364607	11.741527	3.051390
42	8.141280	3.600259	11.741539	2.720713
43	8.805612	2.935939	11.741551	3.380306
44	9.181328	2.560236	11.741563	4.193107
45	7.610267	4.131307	11.741574	4.963952
46	9.507869	2.233717	11.741586	5.334787
47	10.830056	0.911542	11.741598	5.639309
48	5.401609	6.340004	11.741613	5.980036
49	7.042643	4.698987	11.741631	6.346200
50	9.307836	2.433814	11.741649	6.367632
51	9.891628	1.850038	11.741667	6.075349
52	7.769601	3.972081	11.741682	5.725697
53	8.366778	3.374919	11.741696	5.715462
54	8.147003	3.594708	11.741711	6.563757
55	8.169991	3.571736	11.741726	7.379386
56	9.240243	2.501499	11.741743	7.254737
57	8.261007	3.480753	11.741760	7.281617
58	6.705653	5.036124	11.741777	6.938222
59	8.330340	3.411452	11.741793	6.988749
60	8.024173	3.717635	11.741808	6.364514
61	8.427963	3.313860	11.741822	6.550691
62	8.468481	3.273356	11.741837	5.904635
63	8.654919	3.086934	11.741853	5.492344
64	5.904709	5.837158	11.741867	4.697398
65	9.978113	1.763769	11.741882	4.372904
66	8.049510	3.692388	11.741898	4.877715
67	8.822091	2.919822	11.741914	5.071100
68	5.974705	5.767221	11.741926	6.294555
69	9.213656	2.528283	11.741939	5.559763
70	9.086026	2.655929	11.741955	4.861211
71	6.858856	4.883114	11.741970	3.773907
72	7.502731	4.239254	11.741985	4.928698
73	7.919858	3.822141	11.741998	6.343794
74	7.118561	4.623453	11.742014	7.262102
75	8.882252	2.859779	11.742031	8.178564
76	8.077830	3.664217	11.742047	8.486746
77	6.743829	4.998235	11.742063	7.934100
78	10.106769	1.635309	11.742078	8.334439
79	7.623027	4.119065	11.742092	7.661421
80	6.420952	5.321155	11.742107	7.384175
81	9.831784	1.910338	11.742121	6.652181
82	7.828542	3.913593	11.742135	5.972469
83	7.051836	4.690313	11.742149	4.861311
84	9.163802	2.578361	11.742162	4.119995
85	9.120468	2.621708	11.742176	3.472969
86	7.975872	3.766320	11.742192	3.802158
87	6.515071	5.227134	11.742205	3.393631
88	9.400251	2.341966	11.742217	3.361794
89	8.975316	2.766912	11.742229	2.848615
90	7.567620	4.174621	11.742242	2.394678
91	9.265036	2.477220	11.742255	1.821235
92	9.378486	2.363781	11.742267	2.344328
93	8.199876	3.542404	11.742279	3.402336
94	6.224710	5.517582	11.742291	3.718301
95	8.271585	3.470721	11.742306	4.430540
96	6.611575	5.130748	11.742322	4.787228
97	9.179372	2.562968	11.742340	4.411870
98	8.762751	2.979605	11.742356	4.200181
99	8.653360	3.089010	11.742371	4.195705
100	8.028344	3.714039	11.742383	4.295111
101	6.634592	5.107806	11.742398	4.543557
102	7.423977	4.318435	11.742412	4.675997
103	8.039591	3.702833	11.742425	5.454227
104	9.151835	2.590602	11.742438	5.944273
105	10.191436	1.551017	11.742452	6.129111
106	8.480563	3.261902	11.742465	5.679230
107	9.651597	2.090883	11.742480	5.298362
108	6.677262	5.065233	11.742495	4.914943
109	7.966167	3.776343	11.742510	4.786746
110	9.213443	2.529080	11.742523	4.560411
111	8.773067	2.969468	11.742535	4.100696
112	9.475409	2.267138	11.742546	3.680256
113	10.614824	1.127733	11.742557	3.130545
114	7.964755	3.777812	11.742567	2.986315
115	10.484844	1.257732	11.742576	2.171269
116	8.536023	3.206562	11.742586	1.283517
117	8.376934	3.365662	11.742596	2.745781
118	7.958829	3.783778	11.742607	4.263173
119	9.773948	1.968670	11.742618	4.540693
120	8.473855	3.268773	11.742628	4.770002
121	7.624536	4.118103	11.742640	4.549581
122	9.432636	2.310019	11.742655	3.921071
123	9.764582	1.978088	11.742670	3.652504
124	8.658117	3.084569	11.742686	3.595615
125	8.206031	3.536673	11.742703	4.083502
126	8.480262	3.262454	11.742716	4.213727
127	7.301483	4.441244	11.742727	4.252438
128	8.617305	3.125435	11.742740	4.339679
129	8.319873	3.422882	11.742756	4.051967
130	7.557899	4.184871	11.742770	4.019791
131	10.650924	1.091858	11.742781	3.111767
132	8.782955	2.959838	11.742793	2.570525
133	8.302673	3.440130	11.742803	2.365842
134	7.995882	3.746935	11.742817	2.502930
135	8.287407	3.455425	11.742832	2.616693
136	8.953214	2.789633	11.742847	2.669710
137	6.484329	5.258533	11.742862	2.993577
138	9.271703	2.471170	11.742873	2.388239
139	8.793449	2.949433	11.742882	2.976086
140	8.146573	3.596319	11.742892	3.443941
141	6.815708	4.927196	11.742904	4.402043
142	8.532649	3.210267	11.742916	6.553022
143	8.118353	3.624575	11.742928	8.844935
144	8.571323	3.171617	11.742940	10.332226
145	8.634437	3.108518	11.742955	10.525910
146	8.222347	3.520624	11.742971	10.969183
147	8.777160	2.965829	11.742989	10.705402
148	6.928983	4.814023	11.743006	9.651954
149	7.234222	4.508798	11.743021	8.571778
150	7.143378	4.599655	11.743033	7.345877
151	5.911613	5.831432	11.743044	6.739335
152	6.564084	5.178970	11.743054	6.197785
153	9.743546	1.999521	11.743067	4.712067
154	6.971718	4.771359	11.743078	3.371235
155	6.157081	5.586009	11.743089	2.476235
156	8.839744	2.903358	11.743102	1.322968
157	7.910432	3.832681	11.743113	1.088863
158	8.667264	3.075861	11.743125	2.517480
159	9.015003	2.728134	11.743137	4.290950
160	9.602022	2.141127	11.743149	6.432589
161	7.668630	4.074529	11.743159	8.513082
162	8.520938	3.222231	11.743169	9.708034
163	9.801076	1.942103	11.743179	9.790117
164	8.952591	2.790600	11.743191	9.258246
165	9.210207	2.532996	11.743203	8.453437
166	9.563745	2.179470	11.743216	9.310411
167	7.547005	4.196222	11.743228	10.115490
168	7.491118	4.252124	11.743242	10.993962
169	9.993460	1.749799	11.743259	10.039376
170	8.152874	3.590402	11.743276	8.820159
171	7.014279	4.729011	11.743290	7.235274
172	8.773805	2.969498	11.743304	6.457762
173	9.007897	2.735419	11.743316	5.791169
174	9.790136	1.953194	11.743329	5.145188
175	8.950266	2.793076	11.743342	4.766869
176	8.082404	3.660951	11.743355	5.083226
177	9.525848	2.217517	11.743366	5.207488
178	8.318518	3.424861	11.743378	5.021916
179	7.991448	3.751942	11.743389	4.191545
180	7.675912	4.067488	11.743400	2.225362
181	9.609044	2.134365	11.743410	2.901886
182	9.949906	1.793515	11.743421	4.372529
183	8.779260	2.964172	11.743431	5.969061
184	8.608086	3.135357	11.743443	7.148062
185	7.880764	3.862691	11.743454	6.734807
186	9.622743	2.120723	11.743466	5.151918
187	8.673004	3.070473	11.743477	3.303013
188	8.716638	3.026849	11.743487	1.375335
189	7.790560	3.952940	11.743500	2.150256
190	9.089849	2.653663	11.743512	3.814095
191	9.035967	2.707559	11.743526	4.251536
192	8.522429	3.221111	11.743539	4.389522
193	9.160919	2.582631	11.743550	3.573583
194	9.848686	1.894875	11.743561	3.475887
195	9.721581	2.021989	11.743571	3.511141
196	8.535613	3.207966	11.743579	2.975929
197	9.335908	2.407680	11.743589	1.918201
198	9.699863	2.043736	11.743599	2.319958
199	9.883761	1.859849	11.743610	3.416012
200	5.920992	5.822631	11.743623	4.496674
201	8.415899	3.327738	11.743637	4.977925
202	9.027750	2.715898	11.743648	5.131087
203	8.941999	2.801662	11.743661	5.161579
204	9.230506	2.513168	11.743674	4.501738
205	10.419577	1.324110	11.743687	4.128443
206	9.752194	1.991505	11.743699	4.272296
207	8.828279	2.915429	11.743708	4.727555
208	9.828686	1.915032	11.743718	3.937740
209	8.935072	2.808655	11.743727	3.411100
210	9.938000	1.805738	11.743737	3.165043
211	9.769996	1.973751	11.743747	3.439691
212	9.409239	2.334517	11.743756	4.873418
213	9.549800	2.193965	11.743766	6.117951
214	9.408650	2.335126	11.743776	6.605393
215	8.689842	3.053945	11.743787	6.403192
216	8.916898	2.826900	11.743798	5.195673
217	8.412510	3.331298	11.743808	4.412772
218	8.353252	3.390568	11.743820	3.735368
219	9.813185	1.930647	11.743833	3.333501
220	9.438038	2.305808	11.743846	3.145486
221	8.055114	3.688745	11.743859	3.797751
222	9.996516	1.747354	11.743870	4.631728
223	8.665157	3.078723	11.743880	5.325851
224	7.886594	3.857296	11.743889	6.285910
225	8.781363	2.962535	11.743898	6.048102
226	8.496088	3.247820	11.743908	4.721482
227	8.112643	3.631274	11.743917	3.137388
228	7.963176	3.780750	11.743927	2.004103
229	7.739004	4.004934	11.743938	3.209609
230	9.483457	2.260492	11.743949	5.397592
231	9.494129	2.249830	11.743959	6.660466
232	8.964550	2.779421	11.743971	7.073619
233	11.089654	0.654327	11.743982	6.778648
234	6.303520	5.440473	11.743994	6.183028
235	9.030782	2.713224	11.744006	6.052235
236	9.547301	2.196718	11.744019	6.407826
237	10.336535	1.407495	11.744030	6.312106
238	8.196493	3.547546	11.744039	5.746662
239	10.433746	1.310304	11.744050	4.761348
240	8.573783	3.170278	11.744062	3.862631
241	7.331361	4.412713	11.744074	4.377733
242	9.367428	2.376659	11.744087	4.364936
243	8.378996	3.365103	11.744099	3.186847
244	8.407601	3.336511	11.744113	1.328970
245	7.933608	3.810518	11.744126	1.451281
246	8.148205	3.595934	11.744139	3.361219
247	8.169133	3.575018	11.744151	4.239933
248	7.445081	4.299085	11.744166	4.166232
249	7.356022	4.388158	11.744180	4.345358
250	9.188444	2.555750	11.744194	3.664450
251	7.700790	4.043419	11.744209	3.811708
252	8.445463	3.298761	11.744224	4.503499
253	9.837395	1.906844	11.744239	5.576574
254	7.046009	4.698246	11.744255	6.615369
255	8.267019	3.477253	11.744271	7.984094
256	7.116643	4.627646	11.744289	9.021328
257	7.984868	3.759440	11.744308	9.797390
258	9.321489	2.422837	11.744326	10.342288
259	8.358651	3.385692	11.744343	10.331164
260	5.850087	5.894271	11.744358	10.872531
261	7.960463	3.783908	11.744371	10.826855
262	8.488183	3.256201	11.744384	10.505002
263	8.619800	3.124598	11.744398	9.925206
264	7.797947	3.946465	11.744412	9.658794
265	8.560032	3.184391	11.744423	8.907727
266	8.232127	3.512308	11.744435	8.143939
267	8.800045	2.944406	11.744450	7.226610
268	8.516737	3.227726	11.744463	5.973804
269	8.152642	3.591832	11.744474	4.760819
270	9.848234	1.896251	11.744486	4.032536
271	8.975129	2.769370	11.744499	3.093530
272	9.617056	2.127456	11.744513	2.473154
273	6.990680	4.753845	11.744525	1.557237
274	9.381854	2.362685	11.744539	1.507471
275	10.147196	1.597356	11.744552	3.184128
276	9.383882	2.360682	11.744565	5.216222
277	6.968806	4.775770	11.744577	7.621993
278	8.209605	3.534981	11.744586	8.719735
279	9.081051	2.663545	11.744596	9.311754
280	8.801164	2.943444	11.744607	10.181166
281	8.488294	3.256325	11.744619	9.606535
282	7.968022	3.776609	11.744632	8.617789
283	8.876955	2.867690	11.744646	8.295782
284	9.269941	2.474719	11.744660	7.905167
285	9.561656	2.183017	11.744673	8.100017
286	9.203393	2.541292	11.744684	7.522997
287	7.880840	3.863856	11.744695	7.521115
288	8.060356	3.684352	11.744708	6.342309
289	7.124038	4.620682	11.744720	5.351990
290	9.332480	2.412251	11.744731	4.467988
291	9.050282	2.694459	11.744741	3.542643
292	10.464360	1.280392	11.744752	2.461829
293	9.438388	2.306373	11.744761	1.937179
294	8.184665	3.560107	11.744772	2.945236
295	9.521071	2.223712	11.744783	3.503485
296	9.016065	2.728729	11.744794	4.477879
297	10.615672	1.129131	11.744803	4.727791
298	10.063325	1.681486	11.744811	5.052739
299	9.048471	2.696351	11.744822	5.034808
300	8.973249	2.771584	11.744834	5.248582
301	7.828904	3.915940	11.744844	5.865275
302	8.794740	2.950115	11.744855	5.936525
303	8.667327	3.077537	11.744864	6.979165
304	8.695221	3.049655	11.744876	7.473226
305	9.556524	2.188365	11.744888	7.148437
306	8.592430	3.152469	11.744898	6.569692
307	9.608860	2.136049	11.744909	5.415691
308	8.654744	3.090176	11.744920	5.144987
309	10.981300	0.763631	11.744930	6.141808
310	8.251283	3.493657	11.744940	7.224584
311	9.302026	2.442925	11.744951	7.355086
312	9.475154	2.269808	11.744962	8.254618
313	9.328566	2.416405	11.744972	8.959300
314	8.425015	3.319969	11.744985	9.893675
315	6.911030	4.833969	11.744999	9.810297
316	7.083199	4.661813	11.745013	8.789071
317	9.481980	2.263045	11.745025	8.521175
318	9.355105	2.389928	11.745032	8.278768
319	10.282207	1.462834	11.745041	7.938570
320	9.990999	1.754051	11.745050	7.616913
321	9.035142	2.709920	11.745062	6.580293
322	9.600075	2.144998	11.745073	5.835450
323	6.769376	4.975709	11.745085	4.706497
324	7.763706	3.981391	11.745097	4.099168
325	7.657265	4.087847	11.745112	3.655100
326	7.753040	3.992087	11.745127	3.287059
327	8.302427	3.442713	11.745140	3.816882
328	10.397106	1.348049	11.745155	4.106260
329	7.030763	4.714410	11.745173	3.878986
330	9.404700	2.340489	11.745189	3.558368
331	7.439898	4.305305	11.745203	3.471434
332	8.583803	3.161412	11.745216	3.534209
333	7.804649	3.940581	11.745230	4.379044
334	8.285573	3.459672	11.745245	5.316216
335	8.191619	3.553640	11.745259	6.241698
336	9.003849	2.741424	11.745273	7.040653
337	9.567003	2.178286	11.745288	8.165602
338	8.089804	3.655498	11.745302	8.778114
339	9.213983	2.531333	11.745315	9.668937
340	9.800098	1.945231	11.745329	9.681300
341	10.617996	1.127347	11.745342	9.716374
342	7.339395	4.405960	11.745355	9.246543
343	9.582916	2.162451	11.745367	8.053726
344	9.987196	1.758183	11.745380	7.090453
345	9.752896	1.992494	11.745391	6.644898
346	8.012044	3.733358	11.745402	6.263452
347	9.213237	2.532175	11.745412	4.895323
348	9.865188	1.880233	11.745420	3.550446
349	9.507258	2.238172	11.745430	3.236188
350	8.222516	3.522926	11.745442	4.256360
351	9.618612	2.126844	11.745456	5.099088
352	9.429712	2.315756	11.745467	5.269250
353	10.080622	1.664857	11.745479	5.746011
354	7.017828	4.727664	11.745491	6.735575
355	9.869203	1.876302	11.745505	7.524283
356	8.540503	3.205015	11.745518	8.290796
357	6.392672	5.352860	11.745531	8.980358
358	8.873181	2.872363	11.745543	8.937174
359	8.926350	2.819205	11.745554	9.222559
360	9.078363	2.667201	11.745564	9.086427
361	9.472756	2.272819	11.745575	8.781065
362	9.064683	2.680903	11.745587	8.507486
363	10.370921	1.374677	11.745599	8.003719
364	7.705364	4.040246	11.745609	6.836124
365	9.437176	2.308444	11.745619	3.847324
366	9.659871	2.085758	11.745629	0.970992
367	8.955382	2.790255	11.745638	2.954678
368	10.328482	1.417166	11.745648	4.813846
369	8.268957	3.476699	11.745656	6.159431
370	9.150395	2.595271	11.745666	6.239633
371	9.582837	2.162842	11.745679	6.558932
372	9.412134	2.333560	11.745694	6.954648
373	8.975171	2.770537	11.745708	7.186789
374	7.466356	4.279368	11.745724	7.549392
375	9.774425	1.971309	11.745735	7.887805
376	9.209842	2.535903	11.745745	7.464528
377	7.735995	4.009759	11.745753	6.533605
378	9.219424	2.526342	11.745765	6.451602
379	7.030509	4.715267	11.745776	7.230193
380	11.015737	0.730050	11.745787	6.816185
381	9.754955	1.990844	11.745799	5.413027
382	8.850173	2.895638	11.745812	2.719039
383	7.549440	4.196382	11.745822	2.431951
384	10.168861	1.576971	11.745833	4.860869
385	8.351957	3.393887	11.745844	6.713590
386	7.983647	3.762208	11.745855	7.186134
387	9.918834	1.827032	11.745866	7.089246
388	9.446607	2.299268	11.745875	7.202280
389	10.475887	1.269996	11.745883	7.211200
390	7.815208	3.930682	11.745890	6.739173
391	9.404118	2.341782	11.745900	6.663023
392	10.413199	1.332712	11.745911	7.271179
393	8.115386	3.630537	11.745923	8.200943
394	9.243273	2.502662	11.745935	8.856316
395	10.492960	1.252986	11.745947	9.319769
396	7.353583	4.392376	11.745960	8.761367
397	7.138160	4.607812	11.745973	7.902681
398	9.187378	2.558607	11.745985	6.069554
399	8.446341	3.299658	11.745999	4.067843
400	5.958472	5.787539	11.746012	2.654750
401	8.220932	3.525091	11.746023	1.503463
402	9.879952	1.866086	11.746038	2.571032
403	7.471367	4.274685	11.746052	3.752070
404	8.483531	3.262536	11.746066	3.887002
405	9.784725	1.961356	11.746081	4.414252
406	7.245522	4.500573	11.746095	4.850649
407	7.879005	3.867107	11.746112	5.135201
408	8.562246	3.183885	11.746132	5.718094
409	6.653827	5.092319	11.746146	6.465155
410	9.416024	2.330135	11.746159	7.085045
411	8.943759	2.802415	11.746174	7.751768
412	6.593476	5.152715	11.746191	8.176648
413	6.927722	4.818486	11.746208	8.039303
414	7.451662	4.294563	11.746224	8.220000
415	8.642850	3.103390	11.746240	7.990716
416	8.480323	3.265931	11.746254	8.024068
417	7.034159	4.712112	11.746271	8.059921
418	5.916509	5.829779	11.746289	7.192946
419	8.469206	3.277101	11.746308	6.640657
420	7.603559	4.142767	11.746326	5.450646
421	6.706947	5.039394	11.746341	4.470577
422	8.603258	3.143096	11.746355	3.748019
423	8.125337	3.621032	11.746369	3.930156
424	6.859381	4.887002	11.746383	4.377039
425	9.213893	2.532506	11.746399	4.057419
426	9.447236	2.299179	11.746415	3.417964
427	8.174071	3.572357	11.746428	2.432790
428	6.007067	5.739376	11.746443	1.844569
429	9.222796	2.523662	11.746457	1.665525
430	8.196297	3.550175	11.746472	2.091312
431	9.361373	2.385111	11.746484	3.660700
432	8.647124	3.099375	11.746499	4.527843
433	7.770186	3.976329	11.746515	4.747084
434	4.041804	7.704724	11.746528	3.325805
435	9.201412	2.545128	11.746540	2.542049
436	8.049770	3.696785	11.746555	2.562619
437	9.223156	2.523414	11.746570	2.590805
438	9.121197	2.625389	11.746587	2.722162
439	9.982313	1.764287	11.746600	2.646414
440	7.023856	4.722759	11.746615	2.432683
441	6.309063	5.437565	11.746629	2.657469
442	10.988708	0.757933	11.746641	2.568103
443	8.511030	3.235623	11.746653	2.130122
444	9.621735	2.124930	11.746665	2.370266
445	7.578134	4.168543	11.746677	1.965587
446	8.293389	3.453299	11.746688	2.275193
447	7.866003	3.880696	11.746699	2.647057
448	8.675116	3.071595	11.746711	3.779523
449	9.553593	2.193131	11.746724	4.261812
450	7.898181	3.848553	11.746734	4.579123
451	7.677047	4.069699	11.746745	4.303486
452	8.754739	2.992018	11.746757	4.176457
453	9.822486	1.924283	11.746769	4.101685
454	6.817608	4.929176	11.746785	4.130433
455	7.306699	4.440104	11.746803	4.444199
456	8.440315	3.306503	11.746819	4.684367
457	8.751034	2.995798	11.746832	3.860893
458	9.680757	2.066087	11.746844	3.066218
459	8.964024	2.782832	11.746856	1.793790
460	8.372656	3.374214	11.746870	2.030809
461	8.652384	3.094503	11.746887	3.364800
462	7.967849	3.779054	11.746903	4.400177
463	8.726239	3.020681	11.746920	4.483627
464	7.104988	4.641949	11.746937	4.933212
465	7.768458	3.978495	11.746953	5.803409
466	9.080443	2.666526	11.746968	5.062294
467	6.655410	5.091574	11.746984	4.424579
468	8.706800	3.040198	11.746999	4.361270
469	7.908088	3.838925	11.747013	4.446878
470	7.594976	4.152050	11.747026	5.351968
471	9.193723	2.553316	11.747039	5.861931
472	8.141995	3.605058	11.747053	5.857700
473	7.513967	4.233101	11.747068	5.021820
474	9.038126	2.708958	11.747084	3.953088
475	6.607271	5.139827	11.747098	2.980750
476	9.768678	1.978433	11.747111	2.104050
477	8.785078	2.962044	11.747122	1.349776
478	10.610680	1.136454	11.747135	1.196728
479	5.962836	5.784313	11.747148	1.787267
480	10.077748	1.669415	11.747162	3.352831
481	7.662471	4.084707	11.747179	4.204012
482	8.352748	3.394445	11.747194	4.858495
483	9.196708	2.550499	11.747207	4.920584
484	7.779859	3.967358	11.747217	4.673414
485	9.066331	2.680900	11.747231	4.491369
486	6.763036	4.984210	11.747246	4.108828
487	9.007731	2.739529	11.747260	3.317038
488	8.930539	2.816736	11.747274	2.211821
489	7.325283	4.422004	11.747287	1.675798
490	8.862086	2.885214	11.747301	2.399714
491	9.338310	2.409004	11.747314	3.102570
492	6.721694	5.025635	11.747329	3.048201
493	7.857056	3.890290	11.747345	3.271379
494	8.886574	2.860789	11.747363	3.006334
495	7.580081	4.167299	11.747379	2.581607
496	9.263697	2.483695	11.747392	2.752142
497	8.371368	3.376038	11.747406	3.302157
498	8.129485	3.617935	11.747420	4.419307
499	8.943061	2.804372	11.747434	5.